0.000000	500.000000	3.813669	-2101.453081	1628.049654	-469.589757
1.000000	1043.629097	7.960112	-2099.496166	1625.912434	-465.623620
2.000000	1118.558474	8.531623	-2094.531338	1620.619079	-465.380636
3.000000	1183.584112	9.027596	-2087.072383	1612.842276	-465.202511
4.000000	1206.708301	9.203972	-2077.674325	1603.275597	-465.194756
5.000000	1186.357269	9.048748	-2066.663750	1592.270880	-465.344123
6.000000	1154.328502	8.804453	-2054.018637	1579.691792	-465.522392
7.000000	1156.930828	8.824302	-2039.475153	1565.085647	-465.565204
8.000000	1226.394425	9.354125	-2022.799482	1548.069660	-465.375697
9.000000	1361.802561	10.386928	-2004.049693	1528.678578	-464.984187
10.000000	1530.843265	11.676259	-1983.660338	1507.454145	-464.529934
11.000000	1687.438872	12.870666	-1962.329386	1485.270370	-464.188349
12.000000	1791.116049	13.661447	-1940.815169	1463.055990	-464.097732
13.000000	1818.930816	13.873600	-1919.749453	1441.557688	-464.318166
14.000000	1769.596049	13.497307	-1899.522337	1421.201632	-464.823399
15.000000	1661.591470	12.673519	-1880.252713	1402.062472	-465.516722
16.000000	1525.846027	11.638143	-1861.838167	1383.934727	-466.265298
17.000000	1395.270527	10.642200	-1844.060041	1366.476167	-466.941675
18.000000	1294.746466	9.875469	-1826.706946	1349.371436	-467.460041
19.000000	1234.742010	9.417794	-1809.677536	1332.464290	-467.795451
20.000000	1210.192965	9.230550	-1793.034406	1315.821958	-467.981897
21.000000	1204.301945	9.185618	-1776.996748	1299.718380	-468.092750
22.000000	1195.555173	9.118903	-1761.879669	1284.549393	-468.211373
23.000000	1165.318819	8.888280	-1748.006657	1270.716036	-468.402341
24.000000	1103.559005	8.417217	-1735.628010	1258.518402	-468.692390
25.000000	1011.104741	7.712037	-1724.867754	1248.089870	-469.065847
26.000000	898.232615	6.851124	-1715.709263	1239.384161	-469.473978
27.000000	780.611290	5.953986	-1708.017740	1232.210467	-469.853286
28.000000	674.624756	5.145591	-1701.588134	1226.298971	-470.143572
29.000000	593.753685	4.528760	-1696.205483	1221.375121	-470.301602
30.000000	546.605738	4.169147	-1691.701339	1217.225523	-470.306669
31.000000	536.487127	4.091969	-1687.999464	1213.747110	-470.160385
32.000000	561.645095	4.283857	-1685.139052	1210.971435	-469.883760
33.000000	615.641942	4.695709	-1683.266545	1209.056786	-469.514050
34.000000	688.181843	5.248995	-1682.598158	1208.249384	-469.099779
35.000000	766.730046	5.848109	-1683.367341	1208.825969	-468.693263
36.000000	839.064108	6.399825	-1685.771009	1211.030891	-468.340293
37.000000	896.296040	6.836353	-1689.926651	1215.020358	-468.069940
38.000000	935.147201	7.132684	-1695.847327	1220.827132	-467.887512
39.000000	958.510725	7.310885	-1703.440977	1228.354641	-467.775452
40.000000	974.405592	7.432121	-1712.530930	1237.399998	-467.698811
41.000000	993.818009	7.580186	-1722.895274	1247.699463	-467.615625
42.000000	1027.611863	7.837943	-1734.310231	1258.983464	-467.488824
43.000000	1083.408054	8.263519	-1746.590314	1271.029382	-467.297413
44.000000	1162.847394	8.869430	-1759.620022	1283.705613	-467.044978
45.000000	1259.724276	9.608343	-1773.367838	1296.995795	-466.763700
46.000000	1360.166245	10.374447	-1787.875070	1310.990269	-466.510353
47.000000	1445.425569	11.024749	-1803.214177	1325.836393	-466.353034
48.000000	1497.004319	11.418158	-1819.423615	1341.654528	-466.350930
49.000000	1502.665758	11.461339	-1836.440108	1358.445646	-466.533123
50.000000	1461.148439	11.144673	-1854.053916	1376.024433	-466.884811
51.000000	1383.835950	10.554984	-1871.907236	1394.006347	-467.345905
52.000000	1292.488518	9.858246	-1889.543864	1411.861071	-467.824547
53.000000	1212.902558	9.251217	-1906.501709	1429.026184	-468.224308
54.000000	1165.472242	8.889450	-1922.419852	1445.051421	-468.478981
55.000000	1156.061153	8.817669	-1937.125339	1459.725566	-468.582104
56.000000	1171.566984	8.935937	-1950.663871	1473.131979	-468.595954
57.000000	1183.980730	9.030621	-1963.245338	1485.585897	-468.628821
58.000000	1163.218619	8.872261	-1975.113026	1497.456822	-468.783943
59.000000	1092.681758	8.334253	-1986.394108	1508.955157	-469.104698
60.000000	979.056750	7.467597	-1997.006622	1519.992715	-469.546310
61.000000	850.959310	6.490554	-2006.668183	1530.187054	-469.990575
62.000000	746.990574	5.697549	-2014.994215	1538.999832	-470.296833
63.000000	698.863893	5.330471	-2021.629188	1545.934077	-470.364641
64.000000	716.754759	5.466931	-2026.361433	1550.712635	-470.181867
65.000000	783.030475	5.972438	-2029.200787	1553.391137	-469.837213
66.000000	859.466880	6.555444	-2030.374101	1554.334919	-469.483737
67.000000	906.419937	6.913571	-2030.190619	1554.013415	-469.263633
68.000000	903.107411	6.888305	-2028.843593	1552.718454	-469.236834
69.000000	857.799922	6.542730	-2026.269961	1550.373762	-469.353470
70.000000	803.446256	6.128156	-2022.143733	1546.534275	-469.481302
71.000000	781.501762	5.960778	-2016.011588	1540.578389	-469.472422
72.000000	821.510151	6.265935	-2007.524293	1532.020776	-469.237582
73.000000	925.579483	7.059707	-1996.667511	1520.812729	-468.795075
74.000000	1066.103718	8.131533	-1983.846135	1507.446978	-468.267624
75.000000	1199.090728	9.145870	-1969.750193	1492.780319	-467.824004
76.000000	1284.861039	9.800069	-1955.103424	1477.703072	-467.600284
77.000000	1304.425570	9.949294	-1940.443255	1462.849999	-467.643962
78.000000	1264.729263	9.646517	-1926.011869	1448.461144	-467.904207
79.000000	1192.799721	9.097886	-1911.770983	1434.411084	-468.262013
80.000000	1123.349568	8.568167	-1897.511411	1420.360686	-468.582559
81.000000	1085.181308	8.277044	-1883.003183	1405.960525	-468.765613
82.000000	1091.228329	8.323167	-1868.135470	1391.033931	-468.778372
83.000000	1135.329614	8.659542	-1852.998310	1375.678600	-468.660168
84.000000	1196.340574	9.124894	-1837.878481	1360.252971	-468.500617
85.000000	1247.304982	9.513616	-1823.180236	1345.265058	-468.401562
86.000000	1265.287880	9.650778	-1809.313920	1331.223108	-468.440034
87.000000	1238.108353	9.443471	-1796.596659	1318.507292	-468.645896
88.000000	1166.545462	8.897636	-1785.190425	1307.294597	-468.998192
89.000000	1062.616615	8.104936	-1775.086359	1297.545091	-469.436332
90.000000	945.388655	7.210799	-1766.131599	1289.041212	-469.879589
91.000000	835.671128	6.373946	-1758.086179	1281.463375	-470.248858
92.000000	751.147631	5.729257	-1750.695117	1274.481594	-470.484266
93.000000	703.110178	5.362859	-1743.762125	1267.843408	-470.555859
94.000000	694.843928	5.299809	-1737.208735	1261.442353	-470.466573
95.000000	721.382036	5.502224	-1731.104020	1255.351733	-470.250062
96.000000	770.707262	5.878445	-1725.650086	1249.808473	-469.963169
97.000000	826.597582	6.304739	-1721.125579	1245.148077	-469.672763
98.000000	872.691194	6.656310	-1717.811412	1241.715475	-469.439627
99.000000	896.698030	6.839419	-1715.923748	1239.780959	-469.303371
100.000000	893.322497	6.813672	-1715.571732	1239.484234	-469.273827
101.000000	865.468413	6.601220	-1716.745997	1240.815490	-469.329287
102.000000	823.435518	6.280621	-1719.337899	1243.633965	-469.423313
103.000000	782.284463	5.966748	-1723.177224	1247.713959	-469.496517
104.000000	758.397916	5.784557	-1728.080644	1252.804919	-469.491168
105.000000	765.454993	5.838384	-1733.895606	1258.691348	-469.365874
106.000000	810.598705	6.182710	-1740.533907	1265.243112	-469.108084
107.000000	891.632929	6.800786	-1747.991510	1272.449331	-468.741393
108.000000	996.362851	7.599596	-1756.349221	1280.425744	-468.323881
109.000000	1105.073741	8.428771	-1765.746398	1289.382203	-467.935424
110.000000	1195.496898	9.118459	-1776.326196	1299.551086	-467.656651
111.000000	1248.994664	9.526504	-1788.168831	1311.096200	-467.546126
112.000000	1256.069749	9.580468	-1801.235760	1324.033244	-467.622048
113.000000	1219.510354	9.301617	-1815.342356	1338.185584	-467.855155
114.000000	1154.681637	8.807147	-1830.170451	1353.190672	-468.172631
115.000000	1086.124556	8.284239	-1845.322500	1368.562268	-468.475993
116.000000	1040.583191	7.936879	-1860.400185	1383.793759	-468.669547
117.000000	1037.713098	7.914988	-1875.089179	1398.480023	-468.694168
118.000000	1081.211393	8.246764	-1889.223663	1412.421594	-468.555305
119.000000	1154.896193	8.808783	-1902.806788	1425.668621	-468.329383
120.000000	1227.491685	9.362494	-1915.966967	1438.465706	-468.138768
121.000000	1265.407413	9.651690	-1928.852828	1451.100535	-468.100603
122.000000	1247.190532	9.512743	-1941.516450	1463.728091	-468.275616
123.000000	1172.393119	8.942238	-1953.845202	1476.260829	-468.642134
124.000000	1061.319771	8.095044	-1965.571589	1488.371099	-469.105446
125.000000	946.812954	7.221662	-1976.348257	1499.591352	-469.535243
126.000000	862.155384	6.575950	-1985.846014	1509.457017	-469.813047
127.000000	829.502162	6.326893	-1993.837005	1517.636697	-469.873415
128.000000	851.890946	6.497660	-2000.244335	1524.019424	-469.727251
129.000000	911.386368	6.951452	-2005.150103	1528.738447	-469.460205
130.000000	975.846978	7.443115	-2008.743332	1532.099994	-469.200224
131.000000	1012.732676	7.724454	-2011.204521	1534.417005	-469.063062
132.000000	1003.549603	7.654412	-2012.579921	1535.823608	-469.101901
133.000000	952.020135	7.261379	-2012.712967	1536.167354	-469.284234
134.000000	882.824925	6.733604	-2011.269015	1535.029556	-469.505855
135.000000	831.384169	6.341248	-2007.850575	1531.873529	-469.635798
136.000000	827.672237	6.312936	-2002.171997	1526.281473	-469.577588
137.000000	880.127397	6.713029	-1994.237132	1518.201670	-469.322433
138.000000	968.623008	7.388015	-1984.418716	1508.066944	-468.963758
139.000000	1054.010375	8.039293	-1973.347708	1496.656322	-468.652092
140.000000	1100.089483	8.390754	-1961.663562	1484.761088	-468.511720
141.000000	1093.243528	8.338538	-1949.788506	1472.876050	-468.573918
142.000000	1047.683111	7.991033	-1937.842592	1461.083530	-468.768029
143.000000	995.399459	7.592248	-1925.709181	1449.149762	-468.967171
144.000000	968.944423	7.390466	-1913.187860	1436.742226	-469.055167
145.000000	986.621878	7.525298	-1900.155213	1423.651761	-468.978154
146.000000	1046.285151	7.980370	-1886.667082	1409.925644	-468.761067
147.000000	1128.800737	8.609744	-1872.963212	1395.865825	-468.487642
148.000000	1207.764019	9.212024	-1859.390011	1381.917905	-468.260083
149.000000	1259.717674	9.608292	-1846.294599	1368.526213	-468.160094
150.000000	1270.637736	9.691583	-1833.938649	1356.020317	-468.226749
151.000000	1237.860940	9.441583	-1822.452064	1344.557209	-468.453272
152.000000	1168.812177	8.914925	-1811.825659	1334.115166	-468.795568
153.000000	1078.318390	8.224699	-1801.936234	1324.525492	-469.186043
154.000000	985.168160	7.514210	-1792.593440	1315.530141	-469.549088
155.000000	908.112591	6.926481	-1783.600709	1306.857037	-469.817190
156.000000	861.458255	6.570633	-1774.822374	1298.305393	-469.946348
157.000000	851.032400	6.491112	-1766.243888	1289.824277	-469.928499
158.000000	872.167425	6.652316	-1758.003004	1281.555736	-469.794952
159.000000	910.994242	6.948461	-1750.369944	1273.813997	-469.607486
160.000000	949.034027	7.238603	-1743.677666	1267.000565	-469.438498
161.000000	969.419577	7.394091	-1738.232345	1261.491065	-469.347190
162.000000	962.199277	7.339019	-1734.239564	1257.538917	-469.361628
163.000000	926.957102	7.070215	-1731.768441	1255.226224	-469.472002
164.000000	872.301777	6.653340	-1730.757340	1254.467454	-469.636546
165.000000	812.757727	6.199178	-1731.049881	1255.054716	-469.795987
166.000000	764.568200	5.831620	-1732.446857	1256.724535	-469.890702
167.000000	741.768853	5.657722	-1734.758668	1259.225456	-469.875490
168.000000	752.888552	5.742535	-1737.846196	1262.373196	-469.730464
169.000000	798.678379	6.091790	-1741.645772	1266.087177	-469.466805
170.000000	871.411203	6.646548	-1746.177046	1270.404369	-469.126130
171.000000	956.370909	7.294564	-1751.530884	1275.464542	-468.771778
172.000000	1035.410256	7.897424	-1757.835056	1281.464395	-468.473238
173.000000	1091.746345	8.327118	-1765.205596	1288.590911	-468.287566
174.000000	1114.599607	8.501428	-1773.699436	1296.954365	-468.243644
175.000000	1102.145014	8.406432	-1783.284339	1306.543785	-468.334122
176.000000	1061.944782	8.099812	-1793.834580	1317.217125	-468.517643
177.000000	1009.145232	7.697092	-1805.153839	1328.727780	-468.728967
178.000000	962.930799	7.344598	-1817.015125	1340.775654	-468.894872
179.000000	941.671359	7.182446	-1829.204753	1353.069221	-468.953087
180.000000	957.333677	7.301907	-1841.560735	1365.386794	-468.872034
181.000000	1010.340354	7.706207	-1853.999081	1377.626940	-468.665934
182.000000	1087.303899	8.293234	-1866.520320	1389.829263	-468.397823
183.000000	1164.189652	8.879668	-1879.179354	1402.137322	-468.162364
184.000000	1215.120888	9.268137	-1892.019125	1414.700841	-468.050147
185.000000	1222.927706	9.327683	-1904.999849	1427.561435	-468.110731
186.000000	1186.006221	9.046070	-1917.958930	1440.581015	-468.331845
187.000000	1118.808265	8.533529	-1930.621219	1453.443594	-468.644096
188.000000	1046.385051	7.981132	-1942.651954	1465.723878	-468.946944
189.000000	994.989992	7.589125	-1953.730085	1476.994697	-469.146263
190.000000	981.657828	7.487436	-1963.617400	1486.938560	-469.191404
191.000000	1006.618677	7.677821	-1972.205544	1495.430137	-469.097586
192.000000	1052.189778	8.025407	-1979.527017	1502.558771	-468.942839
193.000000	1089.822989	8.312448	-1985.710609	1508.562703	-468.835458
194.000000	1093.117779	8.337579	-1990.887696	1513.685991	-468.864126
195.000000	1050.562732	8.012997	-1995.091792	1518.024335	-469.054460
196.000000	971.480209	7.409808	-1998.204980	1521.440605	-469.354567
197.000000	882.249268	6.729213	-1999.982528	1523.596220	-469.657094
198.000000	814.763641	6.214477	-2000.142394	1524.081449	-469.846467
199.000000	792.614865	6.045541	-1998.480460	1522.585582	-469.849336
200.000000	820.717608	6.259890	-1994.970581	1519.043415	-469.667276
201.000000	882.844784	6.733755	-1989.801889	1513.690755	-469.377379
202.000000	949.784285	7.244326	-1983.312598	1506.973228	-469.095045
203.000000	995.005775	7.589245	-1975.844512	1499.340868	-468.914399
204.000000	1008.188543	7.689795	-1967.609747	1491.057186	-468.862767
205.000000	998.373945	7.614935	-1958.646157	1482.135076	-468.896145
206.000000	986.373507	7.523404	-1948.872315	1472.415722	-468.933189
207.000000	992.400434	7.569373	-1938.197651	1461.725554	-468.902723
208.000000	1025.988804	7.825563	-1926.626925	1450.022645	-468.778717
209.000000	1082.551508	8.256986	-1914.312432	1437.467381	-468.588065
210.000000	1146.854090	8.747443	-1901.537139	1424.396249	-468.393447
211.000000	1200.187711	9.154237	-1888.645765	1411.227621	-468.263906
212.000000	1227.291919	9.360970	-1875.960778	1398.350815	-468.248993
213.000000	1220.831714	9.311696	-1863.714044	1386.038315	-468.364033
214.000000	1183.019893	9.023292	-1852.010444	1374.399689	-468.587462
215.000000	1124.559768	8.577397	-1840.828525	1363.382479	-468.868649
216.000000	1061.193641	8.094082	-1830.056491	1352.818887	-469.143522
217.000000	1008.740732	7.694006	-1819.554559	1342.506145	-469.354409
218.000000	978.097241	7.460278	-1809.223590	1332.296088	-469.467224
219.000000	972.123623	7.414715	-1799.059581	1322.164099	-469.480767
220.000000	985.375040	7.515788	-1789.171402	1312.231615	-469.424000
221.000000	1006.691654	7.678377	-1779.759165	1302.736721	-469.344067
222.000000	1023.309017	7.805124	-1771.064692	1293.970125	-469.289443
223.000000	1024.527869	7.814420	-1763.316746	1286.206086	-469.296240
224.000000	1004.200098	7.659373	-1756.687843	1279.648343	-469.380127
225.000000	961.915734	7.336856	-1751.268192	1274.397732	-469.533604
226.000000	903.174812	6.888819	-1747.060679	1270.443839	-469.728021
227.000000	838.419802	6.394911	-1743.993765	1267.679306	-469.919548
228.000000	780.788527	5.955338	-1741.949989	1265.935622	-470.059030
229.000000	742.938682	5.666644	-1740.804597	1265.033271	-470.104682
230.000000	733.653878	5.595826	-1740.463289	1264.834003	-470.033460
231.000000	755.255695	5.760590	-1740.892123	1265.282662	-469.848871
232.000000	802.441682	6.120494	-1742.129038	1266.426204	-469.582340
233.000000	863.294436	6.584638	-1744.274073	1268.402875	-469.286560
234.000000	922.582159	7.036846	-1747.459947	1271.402080	-469.021021
235.000000	966.152641	7.369173	-1751.808313	1275.603877	-468.835263
236.000000	985.221873	7.514620	-1757.384815	1281.116574	-468.753622
237.000000	979.345637	7.469800	-1764.169247	1287.931919	-468.767528
238.000000	956.837735	7.298125	-1772.047812	1295.912414	-468.837273
239.000000	932.228956	7.110425	-1780.833849	1304.818656	-468.904768
240.000000	921.427705	7.028040	-1790.310957	1314.369710	-468.913206
241.000000	936.095129	7.139914	-1800.282395	1324.315283	-468.827198
242.000000	979.414450	7.470325	-1810.610898	1334.494525	-468.646048
243.000000	1044.787186	7.968945	-1821.235899	1344.862160	-468.404794
244.000000	1117.859979	8.526296	-1832.162221	1355.472614	-468.163312
245.000000	1181.000894	9.007893	-1843.425769	1366.430702	-467.987174
246.000000	1218.526629	9.294114	-1855.047789	1377.825683	-467.927991
247.000000	1221.314266	9.315376	-1866.992092	1389.669542	-468.007174
248.000000	1189.967042	9.076281	-1879.141726	1401.857321	-468.208124
249.000000	1135.538949	8.661139	-1891.301959	1414.163482	-468.477338
250.000000	1076.787238	8.213020	-1903.231434	1426.279308	-468.739106
251.000000	1034.264580	7.888685	-1914.691532	1437.883402	-468.919444
252.000000	1022.801195	7.801250	-1925.498471	1448.724009	-468.973212
253.000000	1045.077760	7.971161	-1935.562680	1458.687269	-468.904250
254.000000	1089.061290	8.306638	-1944.898984	1467.823099	-468.769246
255.000000	1131.499440	8.630328	-1953.594095	1476.304902	-468.658864
256.000000	1147.251925	8.750478	-1961.731776	1484.321011	-468.660288
257.000000	1120.946947	8.549841	-1969.301368	1491.935924	-468.815603
258.000000	1055.476179	8.050473	-1976.136039	1498.988979	-469.096587
259.000000	972.179676	7.415143	-1981.920531	1505.093128	-469.412260
260.000000	901.609480	6.876880	-1986.273537	1509.747883	-469.648774
261.000000	869.494196	6.631926	-1988.871986	1512.518272	-469.721788
262.000000	884.869631	6.749200	-1989.563915	1513.199139	-469.615576
263.000000	936.068813	7.139713	-1988.423796	1511.893894	-469.390189
264.000000	996.563820	7.601129	-1985.719398	1508.965250	-469.153020
265.000000	1037.665836	7.914628	-1981.796254	1504.873499	-469.008127
266.000000	1041.420621	7.943267	-1976.943392	1499.989556	-469.010569
267.000000	1007.243089	7.682583	-1971.308101	1494.478141	-469.147377
268.000000	950.278905	7.248098	-1964.887179	1488.288869	-469.350212
269.000000	893.719428	6.816700	-1957.579546	1481.234344	-469.528503
270.000000	859.360350	6.554632	-1949.267452	1473.107141	-469.605679
271.000000	860.264283	6.561526	-1939.897983	1463.791898	-469.544558
272.000000	897.277154	6.843836	-1929.541665	1453.341501	-469.356328
273.000000	959.534628	7.318695	-1918.408649	1441.995968	-469.093987
274.000000	1028.474991	7.844526	-1906.813887	1430.135975	-468.833386
275.000000	1084.170108	8.269332	-1895.106608	1418.189643	-468.647633
276.000000	1111.884418	8.480718	-1883.590914	1406.526858	-468.583338
277.000000	1106.645677	8.440760	-1872.462293	1395.374931	-468.646601
278.000000	1074.474989	8.195384	-1861.778137	1384.780123	-468.802630
279.000000	1029.876961	7.855219	-1851.469512	1374.624978	-468.989315
280.000000	990.762663	7.556881	-1841.391713	1364.696501	-469.138331
281.000000	972.432646	7.417072	-1831.400430	1354.785084	-469.198274
282.000000	982.091866	7.490746	-1821.428237	1344.785057	-469.152434
283.000000	1015.936349	7.748890	-1811.535318	1334.760659	-469.025770
284.000000	1060.513847	8.088897	-1801.908653	1324.944407	-468.875348
285.000000	1098.061138	8.375283	-1792.806337	1315.662989	-468.768065
286.000000	1113.484207	8.492920	-1784.475399	1307.228397	-468.754082
287.000000	1099.900845	8.389315	-1777.083946	1299.846014	-468.848617
288.000000	1060.216040	8.086626	-1770.691356	1293.574702	-469.030028
289.000000	1004.813348	7.664051	-1765.257973	1288.342879	-469.251044
290.000000	947.532158	7.227148	-1760.684092	1284.000555	-469.456389
291.000000	901.498571	6.876034	-1756.859049	1280.384128	-469.598887
292.000000	875.622535	6.678669	-1753.704044	1277.373915	-469.651460
293.000000	872.668529	6.656138	-1751.201524	1274.933003	-469.612383
294.000000	889.138119	6.781757	-1749.404644	1273.119606	-469.503281
295.000000	916.742137	6.992302	-1748.424435	1272.070843	-469.361290
296.000000	945.084429	7.208478	-1748.401389	1271.965138	-469.227773
297.000000	964.534841	7.356833	-1749.469904	1272.975771	-469.137299
298.000000	968.569895	7.387610	-1751.725959	1275.228996	-469.109353
299.000000	955.090010	7.284794	-1755.204992	1278.774932	-469.145266
300.000000	926.619581	7.067641	-1759.870180	1283.573829	-469.228710
301.000000	890.150874	6.789481	-1765.616107	1289.498083	-469.328542
302.000000	856.168872	6.530289	-1772.283713	1296.349442	-469.403982
303.000000	836.670283	6.381567	-1779.685686	1303.890648	-469.413471
304.000000	842.363741	6.424993	-1787.641496	1311.891386	-469.325117
305.000000	878.916778	6.703795	-1796.016214	1320.182809	-469.129610
306.000000	943.449986	7.196012	-1804.752825	1328.706562	-468.850251
307.000000	1023.614271	7.807452	-1813.882747	1337.532891	-468.542404
308.000000	1100.694155	8.395366	-1823.499333	1346.825346	-468.278621
309.000000	1155.883753	8.816316	-1833.697234	1356.757191	-468.123728
310.000000	1177.119078	8.978285	-1844.507429	1367.417813	-468.111332
311.000000	1163.230870	8.872355	-1855.856382	1378.752450	-468.231577
312.000000	1123.845582	8.571950	-1867.565203	1390.557026	-468.436226
313.000000	1075.735892	8.205001	-1879.385180	1402.524584	-468.655594
314.000000	1037.129681	7.910538	-1891.052757	1414.320342	-468.821877
315.000000	1021.917941	7.794513	-1902.342428	1425.657963	-468.889952
316.000000	1035.259602	7.896275	-1913.103999	1436.356355	-468.851370
317.000000	1071.643045	8.173783	-1923.275487	1446.364213	-468.737490
318.000000	1116.266832	8.514144	-1932.868968	1455.744673	-468.610151
319.000000	1149.863567	8.770398	-1941.929639	1464.618644	-468.540597
320.000000	1155.531231	8.813627	-1950.479649	1473.082226	-468.583796
321.000000	1125.085129	8.581404	-1958.465189	1481.127034	-468.756751
322.000000	1062.798252	8.106321	-1965.728764	1488.593373	-469.029070
323.000000	985.117652	7.513825	-1972.017564	1495.174450	-469.329289
324.000000	915.887913	6.985786	-1977.029861	1500.476876	-469.567199
325.000000	877.500639	6.692994	-1980.492967	1504.131720	-469.668253
326.000000	880.613963	6.716740	-1982.252329	1505.927077	-469.608512
327.000000	917.791335	7.000305	-1982.336261	1505.904625	-469.431332
328.000000	966.157174	7.369207	-1980.951672	1504.352222	-469.230242
329.000000	999.146882	7.620831	-1978.395982	1501.673057	-469.102094
330.000000	1000.353180	7.630032	-1974.931534	1498.203819	-469.097684
331.000000	971.042159	7.406467	-1970.695642	1494.089392	-469.199783
332.000000	927.935014	7.077674	-1965.684995	1489.269451	-469.337870
333.000000	894.036817	6.819121	-1959.806247	1483.561177	-469.425950
334.000000	888.128731	6.774058	-1952.958321	1476.782279	-469.401984
335.000000	917.415445	6.997437	-1945.108782	1468.859460	-469.251884
336.000000	975.522685	7.440641	-1936.336564	1459.883734	-469.012188
337.000000	1045.785531	7.976559	-1926.826568	1450.096745	-468.753263
338.000000	1107.824127	8.449749	-1916.822692	1439.820930	-468.552013
339.000000	1144.599083	8.730244	-1906.564098	1429.368549	-468.465304
340.000000	1147.620493	8.753289	-1896.228387	1418.962205	-468.512893
341.000000	1118.899030	8.534221	-1885.899294	1408.691068	-468.674005
342.000000	1069.483447	8.157311	-1875.567587	1398.513619	-468.896656
343.000000	1015.498560	7.745551	-1865.163403	1388.302344	-469.115508
344.000000	972.990872	7.421330	-1854.611030	1377.917658	-469.272042
345.000000	952.740886	7.266877	-1843.889703	1367.289671	-469.333155
346.000000	956.645213	7.296656	-1833.079356	1356.481538	-469.301162
347.000000	977.666730	7.456994	-1822.369929	1345.702539	-469.210396
348.000000	1003.619805	7.654947	-1812.025297	1335.259957	-469.110393
349.000000	1022.595040	7.799678	-1802.318570	1325.473770	-469.045123
350.000000	1027.217752	7.834937	-1793.471065	1316.598202	-469.037927
351.000000	1016.312316	7.751757	-1785.617121	1308.778069	-469.087294
352.000000	994.009612	7.581647	-1778.798677	1302.044354	-469.172676
353.000000	967.418312	7.378826	-1772.983088	1296.339944	-469.264318
354.000000	944.077333	7.200797	-1768.093556	1291.558928	-469.333831
355.000000	929.954735	7.093079	-1764.040045	1287.585733	-469.361233
356.000000	928.264693	7.080188	-1760.744391	1284.325409	-469.338794
357.000000	939.134821	7.163098	-1758.157226	1281.723133	-469.270995
358.000000	959.811887	7.320809	-1756.267457	1279.773819	-469.172829
359.000000	985.212548	7.514549	-1755.101654	1278.520694	-469.066411
360.000000	1008.803680	7.694486	-1754.714521	1278.043020	-468.977014
361.000000	1023.941128	7.809945	-1755.170879	1278.433468	-468.927465
362.000000	1025.590361	7.822524	-1756.523656	1279.769090	-468.932042
363.000000	1012.026714	7.719070	-1758.793376	1282.083064	-468.991242
364.000000	985.614032	7.517611	-1761.955608	1285.347632	-469.090365
365.000000	952.596525	7.265775	-1765.943803	1289.476205	-469.201822
366.000000	921.917478	7.031776	-1770.667527	1294.344610	-469.291141
367.000000	902.806147	6.886007	-1776.040290	1299.827437	-469.326845
368.000000	901.719151	6.877717	-1782.007797	1305.839177	-469.290903
369.000000	919.796983	7.015602	-1788.567722	1312.365186	-469.186934
370.000000	951.848208	7.260068	-1795.772118	1319.470797	-469.041253
371.000000	987.591571	7.532694	-1803.706727	1327.278235	-468.895797
372.000000	1015.358377	7.744481	-1812.451075	1335.913599	-468.792994
373.000000	1026.934007	7.832773	-1822.031260	1345.440286	-468.758201
374.000000	1021.324329	7.789986	-1832.386357	1355.808328	-468.788044
375.000000	1005.520495	7.669444	-1843.363255	1366.842958	-468.850853
376.000000	991.723367	7.564209	-1854.741444	1378.277570	-468.899664
377.000000	992.297001	7.568584	-1866.276346	1389.815740	-468.892021
378.000000	1014.704850	7.739497	-1877.745891	1401.198697	-468.807697
379.000000	1058.112412	8.070581	-1888.985656	1412.256221	-468.658854
380.000000	1113.023627	8.489407	-1899.900597	1422.923516	-468.487674
381.000000	1164.293406	8.880459	-1910.451121	1433.218268	-468.352394
382.000000	1196.111761	9.123148	-1920.617812	1443.187241	-468.307423
383.000000	1197.125325	9.130879	-1930.360533	1452.844824	-468.384829
384.000000	1164.032119	8.878466	-1939.588090	1462.126065	-468.583559
385.000000	1102.664712	8.410396	-1948.149742	1470.870358	-468.868988
386.000000	1026.438428	7.828993	-1955.851929	1478.841072	-469.181865
387.000000	952.720792	7.266723	-1962.494243	1485.772885	-469.454634
388.000000	897.999494	6.849345	-1967.909218	1491.429830	-469.630043
389.000000	873.504753	6.662516	-1971.992173	1495.653733	-469.675924
390.000000	882.299272	6.729595	-1974.719058	1498.395463	-469.594001
391.000000	917.795337	7.000335	-1976.149929	1499.728087	-469.421507
392.000000	964.724851	7.358282	-1976.414409	1499.832690	-469.223437
393.000000	1003.999335	7.657842	-1975.669867	1498.940639	-469.071386
394.000000	1020.521193	7.783860	-1974.039457	1497.240629	-469.014968
395.000000	1009.671536	7.701106	-1971.562868	1494.800709	-469.061053
396.000000	978.447075	7.462946	-1968.189695	1491.552409	-469.174339
397.000000	941.076697	7.177910	-1963.814903	1487.340272	-469.296720
398.000000	912.488728	6.959860	-1958.337383	1482.004267	-469.373256
399.000000	902.763181	6.885680	-1951.715087	1475.457403	-469.372004
400.000000	914.159053	6.972600	-1943.999449	1467.734432	-469.292418
401.000000	941.412762	7.180473	-1935.340146	1458.998240	-469.161433
402.000000	974.549418	7.433218	-1925.957273	1449.503422	-469.020634
403.000000	1002.809115	7.648764	-1916.091757	1439.532645	-468.910348
404.000000	1018.296290	7.766890	-1905.952479	1429.329191	-468.856398
405.000000	1018.673205	7.769765	-1895.680260	1419.048900	-468.861596
406.000000	1008.202910	7.689904	-1885.338583	1408.743955	-468.904724
407.000000	996.041061	7.597142	-1874.933206	1398.386871	-468.949193
408.000000	992.422510	7.569542	-1864.454733	1387.926733	-468.958459
409.000000	1004.334931	7.660402	-1853.925566	1377.353496	-468.911668
410.000000	1032.277496	7.873529	-1843.431900	1366.744753	-468.813618
411.000000	1069.630634	8.158434	-1833.128352	1356.275725	-468.694193
412.000000	1105.137794	8.429259	-1823.211102	1346.185022	-468.596821
413.000000	1127.488976	8.599739	-1813.868966	1336.708863	-468.560364
414.000000	1130.042242	8.619214	-1805.236428	1328.014518	-468.602696
415.000000	1113.360484	8.491976	-1797.368687	1320.162908	-468.713803
416.000000	1084.307091	8.270376	-1790.246964	1313.114654	-468.861934
417.000000	1052.891893	8.030762	-1783.806877	1306.769308	-469.006807
418.000000	1028.565096	7.845213	-1777.978558	1301.019154	-469.114191
419.000000	1017.145997	7.758116	-1772.720967	1295.796484	-469.166367
420.000000	1019.310579	7.774626	-1768.042467	1291.101676	-469.166165
421.000000	1030.768572	7.862020	-1764.003094	1287.006828	-469.134246
422.000000	1043.860611	7.961877	-1760.701654	1283.638283	-469.101493
423.000000	1049.916118	8.008065	-1758.252932	1281.145539	-469.099329
424.000000	1041.590440	7.944562	-1756.761932	1279.666419	-469.150952
425.000000	1014.727625	7.739670	-1756.301320	1279.296468	-469.265181
426.000000	969.604763	7.395503	-1756.896278	1280.067503	-469.433272
427.000000	911.432140	6.951801	-1758.519819	1281.938941	-469.629077
428.000000	849.786336	6.481607	-1761.100247	1284.805568	-469.813072
429.000000	796.663652	6.076423	-1764.540935	1288.523235	-469.941277
430.000000	763.377212	5.822536	-1768.748185	1292.948340	-469.977309
431.000000	757.144041	5.774993	-1773.655982	1297.977142	-469.903847
432.000000	778.494568	5.937841	-1779.239197	1303.571259	-469.730097
433.000000	821.021662	6.262210	-1785.509502	1309.757671	-469.489622
434.000000	874.057033	6.666728	-1792.495940	1316.600646	-469.228566
435.000000	926.791759	7.068954	-1800.217077	1324.158848	-468.989275
436.000000	971.659931	7.411178	-1808.658172	1332.448298	-468.798696
437.000000	1005.705096	7.670852	-1817.761448	1341.426261	-468.664334
438.000000	1029.957465	7.855833	-1827.430723	1350.996398	-468.578492
439.000000	1047.823936	7.992107	-1837.546021	1361.028610	-468.525304
440.000000	1063.247507	8.109748	-1847.981383	1371.383287	-468.488348
441.000000	1079.175298	8.231234	-1858.618348	1381.930987	-468.456126
442.000000	1096.796607	8.365638	-1869.353717	1392.563392	-468.424687
443.000000	1115.183838	8.505884	-1880.099750	1403.195715	-468.398151
444.000000	1131.225156	8.628236	-1890.779745	1413.763394	-468.388115
445.000000	1139.869615	8.694171	-1901.320154	1424.214291	-468.411693
446.000000	1135.330821	8.659552	-1911.639453	1434.493732	-468.486169
447.000000	1113.628625	8.494022	-1921.634720	1444.520967	-468.619731
448.000000	1075.784964	8.205375	-1931.166954	1454.160696	-468.800883
449.000000	1030.032933	7.856409	-1940.056712	1463.206865	-468.993437
450.000000	990.382645	7.553983	-1948.102641	1471.403661	-469.144997
451.000000	970.688532	7.403769	-1955.123036	1478.509082	-469.210185
452.000000	977.176009	7.453251	-1961.004246	1484.375140	-469.175855
453.000000	1004.320190	7.660289	-1965.725737	1488.993327	-469.072121
454.000000	1037.329573	7.912063	-1969.341462	1492.470460	-468.958939
455.000000	1059.417840	8.080538	-1971.929514	1494.951431	-468.897545
456.000000	1058.942650	8.076913	-1973.540309	1496.538959	-468.924436
457.000000	1033.389341	7.882010	-1974.169685	1497.248386	-469.039289
458.000000	989.693223	7.548724	-1973.758257	1497.002135	-469.207397
459.000000	941.582882	7.181771	-1972.211506	1495.656864	-469.372871
460.000000	904.944405	6.902317	-1969.432370	1493.052154	-469.477900
461.000000	892.511140	6.807484	-1965.358485	1489.068569	-469.482432
462.000000	909.507282	6.937119	-1959.997004	1483.681879	-469.378005
463.000000	951.531764	7.257654	-1953.446205	1476.996212	-469.192339
464.000000	1005.509256	7.669359	-1945.893133	1469.241817	-468.981958
465.000000	1053.757211	8.037362	-1937.583329	1460.731819	-468.814149
466.000000	1080.052383	8.237924	-1928.770116	1451.788580	-468.743611
467.000000	1075.799272	8.205484	-1919.659602	1442.662931	-468.791187
468.000000	1043.785999	7.961308	-1910.369782	1433.474002	-468.934472
469.000000	997.504990	7.608307	-1900.920797	1424.198043	-469.114446
470.000000	955.922424	7.291143	-1891.267793	1414.717656	-469.258994
471.000000	935.491931	7.135313	-1881.362899	1404.915089	-469.312497
472.000000	943.452750	7.196033	-1871.217759	1394.763737	-469.257989
473.000000	975.964116	7.444008	-1860.933044	1384.368909	-469.120128
474.000000	1021.192699	7.788982	-1850.682148	1373.942903	-468.950264
475.000000	1064.868412	8.122111	-1840.665329	1363.739395	-468.803823
476.000000	1095.322090	8.354392	-1831.060841	1353.984870	-468.721580
477.000000	1106.445958	8.439237	-1821.991967	1344.832721	-468.720009
478.000000	1098.377352	8.377695	-1813.516583	1336.347870	-468.791018
479.000000	1076.240871	8.208853	-1805.635549	1328.517953	-468.908743
480.000000	1047.856693	7.992357	-1798.316067	1321.283764	-469.039946
481.000000	1021.057276	7.787949	-1791.519025	1314.576662	-469.154414
482.000000	1001.402055	7.638032	-1785.223095	1308.351944	-469.233120
483.000000	990.851369	7.557558	-1779.438700	1302.609216	-469.271926
484.000000	987.776488	7.534105	-1774.210162	1297.395878	-469.280180
485.000000	988.015039	7.535924	-1769.607326	1292.795811	-469.275591
486.000000	986.397381	7.523586	-1765.710333	1288.908914	-469.277833
487.000000	978.358093	7.462268	-1762.594594	1285.830074	-469.302252
488.000000	961.250253	7.331780	-1760.319660	1283.632329	-469.355551
489.000000	935.269717	7.133618	-1758.922730	1282.355905	-469.433207
490.000000	903.612597	6.892158	-1758.416318	1282.003902	-469.520258
491.000000	871.967580	6.650791	-1758.790998	1282.546259	-469.593948
492.000000	847.392687	6.463350	-1760.025648	1283.932923	-469.629374
493.000000	836.154300	6.377631	-1762.102130	1286.117052	-469.607446
494.000000	841.159387	6.415807	-1765.019943	1289.080590	-469.523547
495.000000	860.554702	6.563741	-1768.800919	1292.846440	-469.390738
496.000000	888.657023	6.778087	-1773.479922	1297.467184	-469.234651
497.000000	918.723364	7.007413	-1779.084623	1302.994744	-469.082466
498.000000	945.840236	7.214243	-1785.616983	1309.450468	-468.952273
499.000000	968.244322	7.385126	-1793.044153	1316.809648	-468.849378
500.000000	986.830640	7.526891	-1801.301245	1325.005293	-468.769061
501.000000	1003.694428	7.655516	-1810.300019	1333.941988	-468.702514
502.000000	1020.758540	7.785670	-1819.937402	1343.509433	-468.642300
503.000000	1039.082386	7.925432	-1830.100957	1353.590973	-468.584552
504.000000	1058.911452	8.076675	-1840.671359	1364.065816	-468.528868
505.000000	1080.018997	8.237670	-1851.523431	1374.809163	-468.476598
506.000000	1101.714313	8.403147	-1862.528633	1385.694531	-468.430955
507.000000	1122.301275	8.560171	-1873.560856	1396.602089	-468.398595
508.000000	1138.301588	8.682211	-1884.502361	1407.428435	-468.391715
509.000000	1144.684074	8.730892	-1895.245389	1418.088364	-468.426133
510.000000	1136.979123	8.672124	-1905.684556	1428.499265	-468.513168
511.000000	1114.675440	8.502006	-1915.699415	1438.549282	-468.648126
512.000000	1083.877305	8.267098	-1925.139636	1448.069686	-468.802852
513.000000	1056.290091	8.056681	-1933.831876	1456.842022	-468.933173
514.000000	1043.417755	7.958500	-1941.611977	1464.652609	-469.000868
515.000000	1049.352591	8.003767	-1948.370700	1471.368593	-468.998340
516.000000	1067.219461	8.140043	-1954.082415	1476.984935	-468.957437
517.000000	1082.106451	8.253591	-1958.793862	1481.605293	-468.934978
518.000000	1078.718034	8.227747	-1962.578595	1485.367840	-468.983008
519.000000	1048.949870	8.000695	-1965.484776	1488.361856	-469.122226
520.000000	995.728520	7.594758	-1967.500846	1490.574772	-469.331317
521.000000	932.322886	7.111142	-1968.550669	1491.885787	-469.553740
522.000000	877.899537	6.696036	-1968.517002	1492.103047	-469.717919
523.000000	850.629041	6.488035	-1967.282978	1491.031140	-469.763803
524.000000	860.783074	6.565483	-1964.780550	1488.548541	-469.666525
525.000000	906.365342	6.913155	-1961.030498	1484.668741	-469.448603
526.000000	973.140206	7.422469	-1956.154371	1479.557218	-469.174685
527.000000	1039.358473	7.927538	-1950.348289	1473.490549	-468.930203
528.000000	1083.415652	8.263577	-1943.829580	1466.774880	-468.791123
529.000000	1091.287555	8.323619	-1936.779161	1459.657747	-468.797795
530.000000	1060.990350	8.092532	-1929.302537	1452.267679	-468.942327
531.000000	1002.832700	7.648944	-1921.421271	1444.599563	-469.172764
532.000000	935.409959	7.134688	-1913.096665	1436.549709	-469.412269
533.000000	878.863138	6.703386	-1904.277501	1427.987798	-469.586317
534.000000	847.701070	6.465702	-1894.954364	1418.840382	-469.648279
535.000000	846.200828	6.454260	-1885.200867	1409.153469	-469.593139
536.000000	868.546005	6.624694	-1875.176760	1399.099271	-469.452795
537.000000	903.433928	6.890796	-1865.087900	1388.921052	-469.276052
538.000000	940.189561	7.171143	-1855.129799	1378.853038	-469.105617
539.000000	972.437599	7.417110	-1845.449975	1369.067583	-468.965282
540.000000	998.310755	7.614453	-1836.142906	1359.668136	-468.860318
541.000000	1018.871890	7.771280	-1827.266171	1350.710180	-468.784711
542.000000	1036.284420	7.904091	-1818.859406	1342.226528	-468.728786
543.000000	1052.548518	8.028143	-1810.958323	1334.245973	-468.684207
544.000000	1068.769663	8.151867	-1803.601815	1326.803302	-468.646646
545.000000	1084.797124	8.274114	-1796.832692	1319.941974	-468.616604
546.000000	1099.362836	8.385212	-1790.694238	1313.710481	-468.598545
547.000000	1110.458319	8.469841	-1785.225325	1308.156458	-468.599026
548.000000	1115.783319	8.510456	-1780.456806	1303.321467	-468.624883
549.000000	1113.172172	8.490540	-1776.408670	1299.236636	-468.681494
550.000000	1101.083978	8.398339	-1773.087090	1295.917708	-468.771043
551.000000	1079.341980	8.232506	-1770.481055	1293.358453	-468.890096
552.000000	1049.840379	8.007487	-1768.559300	1291.524056	-469.027757
553.000000	1016.860175	7.755936	-1767.272732	1290.351237	-469.165558
554.000000	986.330243	7.523074	-1766.564995	1289.760848	-469.281074
555.000000	963.912584	7.352087	-1766.392509	1289.684853	-469.355569
556.000000	952.544567	7.265379	-1766.746794	1290.099165	-469.382250
557.000000	950.735029	7.251577	-1767.668505	1291.045979	-469.370949
558.000000	952.850675	7.267714	-1769.244066	1292.630909	-469.345443
559.000000	951.396994	7.256626	-1771.582178	1294.992077	-469.333475
560.000000	940.333567	7.172242	-1774.784004	1298.257075	-469.354687
561.000000	917.578031	6.998678	-1778.917192	1302.505995	-469.412519
562.000000	885.629859	6.754998	-1784.002899	1307.754556	-469.493345
563.000000	850.870782	6.489879	-1790.016867	1313.956339	-469.570650
564.000000	822.056452	6.270102	-1796.899463	1321.017155	-469.612205
565.000000	808.253552	6.164823	-1804.567676	1328.814620	-469.588233
566.000000	816.578301	6.228319	-1812.928121	1337.220108	-469.479695
567.000000	849.957122	6.482910	-1821.887973	1346.119614	-469.285449
568.000000	905.466691	6.906300	-1831.365397	1355.432786	-469.026311
569.000000	974.068366	7.429548	-1841.296173	1365.123009	-468.743615
570.000000	1042.492790	7.951445	-1851.631802	1375.190678	-468.489680
571.000000	1096.916679	8.366554	-1862.326319	1385.646311	-468.313454
572.000000	1127.132856	8.597023	-1873.313141	1396.470991	-468.245127
573.000000	1130.058322	8.619337	-1884.482713	1407.577990	-468.285387
574.000000	1111.354858	8.476679	-1895.671644	1418.792193	-468.402773
575.000000	1084.140902	8.269109	-1906.669060	1429.857843	-468.542108
576.000000	1064.569603	8.119832	-1917.242590	1440.479547	-468.643211
577.000000	1065.188615	8.124553	-1927.178542	1450.388183	-468.665806
578.000000	1088.596578	8.303094	-1936.321861	1459.409214	-468.609554
579.000000	1124.914877	8.580106	-1944.598813	1467.499827	-468.518881
580.000000	1155.440817	8.812937	-1952.003924	1474.726654	-468.464333
581.000000	1161.532606	8.859402	-1958.554188	1481.186428	-468.508359
582.000000	1134.243458	8.651258	-1964.231976	1486.909099	-468.671619
583.000000	1079.738802	8.235533	-1968.948618	1491.794789	-468.918297
584.000000	1017.506705	7.760867	-1972.546354	1495.616545	-469.168942
585.000000	971.831243	7.412485	-1974.840204	1498.091924	-469.335795
586.000000	960.373513	7.325093	-1975.682376	1498.992939	-469.364343
587.000000	985.477642	7.516571	-1975.018663	1498.241592	-469.260500
588.000000	1033.210651	7.880647	-1972.909157	1495.940812	-469.087698
589.000000	1080.485676	8.241229	-1969.502682	1492.325497	-468.935956
590.000000	1105.475305	8.431834	-1964.983897	1487.670227	-468.881837
591.000000	1095.608005	8.356572	-1959.525239	1482.207804	-468.960863
592.000000	1050.544035	8.012854	-1953.257444	1476.084365	-469.160225
593.000000	980.937803	7.481944	-1946.255538	1469.345766	-469.427828
594.000000	904.818567	6.901357	-1938.538534	1461.947449	-469.689728
595.000000	842.660054	6.427253	-1930.084898	1453.786770	-469.870876
596.000000	811.452249	6.189220	-1920.871494	1444.765006	-469.917268
597.000000	818.914256	6.246136	-1910.929480	1434.868761	-469.814584
598.000000	860.419614	6.562711	-1900.390488	1424.233032	-469.594745
599.000000	920.732879	7.022741	-1889.487206	1413.139336	-469.325129
600.000000	980.307575	7.477137	-1878.503167	1401.944030	-469.082000
601.000000	1022.899462	7.802000	-1867.704842	1390.980380	-468.922463
602.000000	1040.588614	7.936921	-1857.288450	1380.483749	-468.867781
603.000000	1034.954579	7.893948	-1847.357468	1370.560968	-468.902552
604.000000	1015.054351	7.742162	-1837.929551	1361.201939	-468.985450
605.000000	993.353425	7.576642	-1828.965697	1352.322164	-469.066891
606.000000	981.029339	7.482642	-1820.411769	1343.822324	-469.106803
607.000000	984.224551	7.507013	-1812.238272	1335.643964	-469.087295
608.000000	1002.410089	7.645720	-1804.464301	1327.802112	-469.016469
609.000000	1029.205664	7.850099	-1797.157532	1320.384594	-468.922839
610.000000	1055.125568	8.047799	-1790.414391	1313.523304	-468.843288
611.000000	1071.008459	8.168943	-1784.329714	1307.350938	-468.809833
612.000000	1070.898949	8.168108	-1778.970536	1301.962932	-468.839496
613.000000	1053.583176	8.036035	-1774.362814	1297.396669	-468.930110
614.000000	1022.444210	7.798527	-1770.494556	1293.633255	-469.062774
615.000000	984.082246	7.505928	-1767.329548	1290.615112	-469.208508
616.000000	946.512825	7.219373	-1764.825895	1288.270711	-469.335811
617.000000	917.389592	6.997240	-1762.955028	1286.540020	-469.417768
618.000000	902.370352	6.882683	-1761.717424	1285.396907	-469.437833
619.000000	903.483879	6.891177	-1761.152654	1284.866718	-469.394760
620.000000	918.051720	7.002291	-1761.340527	1285.033483	-469.304754
621.000000	939.053182	7.162476	-1762.387986	1286.027365	-469.198145
622.000000	957.284525	7.301532	-1764.401348	1287.989828	-469.109987
623.000000	964.956283	7.360047	-1767.451885	1291.025649	-469.066188
624.000000	959.172892	7.315936	-1771.548721	1295.160315	-469.072470
625.000000	943.438242	7.195922	-1776.628491	1300.321691	-469.110878
626.000000	926.588246	7.067402	-1782.566929	1306.353349	-469.146178
627.000000	919.542957	7.013665	-1789.207623	1313.054392	-469.139566
628.000000	930.991911	7.100990	-1796.398668	1320.232999	-469.064679
629.000000	963.590832	7.349633	-1804.024456	1327.754841	-468.919981
630.000000	1012.336141	7.721430	-1812.021945	1335.568712	-468.731804
631.000000	1066.058595	8.131189	-1820.377025	1343.699715	-468.546122
632.000000	1111.357087	8.476696	-1829.103936	1352.214921	-468.412319
633.000000	1137.014617	8.672395	-1838.215900	1361.176860	-468.366645
634.000000	1137.325569	8.674766	-1847.699316	1370.603332	-468.421218
635.000000	1113.551585	8.493434	-1857.500793	1380.446051	-468.561309
636.000000	1073.192052	8.185598	-1867.526690	1390.590549	-468.750543
637.000000	1027.758495	7.839061	-1877.652335	1400.872046	-468.941227
638.000000	989.635580	7.548285	-1887.738184	1411.102304	-469.087595
639.000000	968.543375	7.387407	-1897.646972	1421.101240	-469.158324
640.000000	968.214839	7.384902	-1907.262569	1430.730119	-469.147549
641.000000	984.702095	7.510655	-1916.502098	1439.913909	-469.077534
642.000000	1008.157289	7.689556	-1925.314177	1448.635132	-468.989489
643.000000	1027.942643	7.840466	-1933.657781	1456.894225	-468.923091
644.000000	1038.078357	7.917774	-1941.474883	1464.659271	-468.897838
645.000000	1039.365737	7.927594	-1948.671946	1471.837101	-468.907251
646.000000	1037.683328	7.914761	-1955.119665	1478.277479	-468.927425
647.000000	1040.260945	7.934422	-1960.665998	1483.799574	-468.932002
648.000000	1051.815372	8.022551	-1965.156077	1488.227137	-468.906388
649.000000	1072.002022	8.176521	-1968.457045	1491.424818	-468.855706
650.000000	1095.064590	8.352427	-1970.482202	1493.326027	-468.803747
651.000000	1111.799921	8.480074	-1971.205599	1493.941309	-468.784217
652.000000	1112.850907	8.488090	-1970.660606	1493.344999	-468.827517
653.000000	1092.008235	8.329116	-1968.922666	1491.644504	-468.949047
654.000000	1048.623265	7.998204	-1966.082276	1488.942160	-469.141913
655.000000	988.631530	7.540627	-1962.216562	1485.300428	-469.375508
656.000000	923.919555	7.047047	-1957.369351	1480.721613	-469.600692
657.000000	869.836485	6.634537	-1951.549202	1475.153518	-469.761147
658.000000	841.104036	6.415385	-1944.748578	1468.523917	-469.809276
659.000000	846.960397	6.460053	-1936.981604	1460.798307	-469.723244
660.000000	886.947641	6.765049	-1928.327072	1452.042835	-469.519188
661.000000	949.532375	7.242404	-1918.951539	1442.457261	-469.251874
662.000000	1015.394583	7.744757	-1909.090806	1432.347439	-468.998610
663.000000	1064.620838	8.120223	-1898.996736	1422.045850	-468.830663
664.000000	1084.105764	8.268841	-1888.881745	1411.825404	-468.787500
665.000000	1071.466682	8.172438	-1878.883938	1401.845847	-468.865653
666.000000	1034.342579	7.889280	-1869.060503	1392.145836	-469.025387
667.000000	986.411127	7.523691	-1859.407791	1382.675438	-469.208662
668.000000	942.050339	7.185336	-1849.896928	1373.351076	-469.360516
669.000000	911.552555	6.952719	-1840.510534	1364.111903	-469.445912
670.000000	898.851413	6.855843	-1831.268732	1354.956716	-469.456173
671.000000	902.261377	6.881852	-1822.236021	1345.950281	-469.403887
672.000000	917.059669	6.994724	-1813.511749	1337.205023	-469.312002
673.000000	938.060182	7.154902	-1805.214058	1328.855686	-469.203470
674.000000	961.111445	7.330722	-1797.465553	1321.039074	-469.095757
675.000000	983.485803	7.501378	-1790.381826	1313.880919	-468.999528
676.000000	1003.528260	7.654249	-1784.063855	1307.488862	-468.920745
677.000000	1019.978371	7.779720	-1778.592977	1301.950161	-468.863097
678.000000	1031.366995	7.866584	-1774.027106	1297.329995	-468.830526
679.000000	1035.978244	7.901756	-1770.395143	1293.666408	-468.826979
680.000000	1032.688494	7.876664	-1767.691181	1290.961120	-468.853398
681.000000	1022.163076	7.796383	-1765.871673	1289.171317	-468.903973
682.000000	1007.430537	7.684013	-1764.857922	1288.208990	-468.964919
683.000000	993.348737	7.576606	-1764.548642	1287.954668	-469.017368
684.000000	984.900710	7.512170	-1764.840450	1288.284039	-469.044241
685.000000	985.041427	7.513244	-1765.649496	1289.098746	-469.037506
686.000000	993.279610	7.576079	-1766.926959	1290.348331	-469.002548
687.000000	1005.976071	7.672919	-1768.662573	1292.034466	-468.955187
688.000000	1018.211797	7.766245	-1770.879584	1294.198831	-468.914508
689.000000	1025.799731	7.824121	-1773.624823	1296.905544	-468.895157
690.000000	1026.421289	7.828862	-1776.958865	1300.226420	-468.903584
691.000000	1019.772711	7.778151	-1780.949868	1304.233543	-468.938174
692.000000	1007.123951	7.681675	-1785.666702	1308.993612	-468.991415
693.000000	990.824579	7.557354	-1791.170639	1314.560707	-469.052579
694.000000	973.742120	7.427060	-1797.504520	1320.967470	-469.109990
695.000000	958.697708	7.312311	-1804.683985	1328.218415	-469.153259
696.000000	947.818753	7.229334	-1812.692924	1336.287882	-469.175709
697.000000	942.121142	7.185876	-1821.482472	1345.121237	-469.175359
698.000000	941.705895	7.182709	-1830.973372	1354.636994	-469.153669
699.000000	946.573302	7.219834	-1841.058535	1364.726178	-469.112523
700.000000	957.438211	7.302705	-1851.605359	1375.251216	-469.051439
701.000000	975.600256	7.441233	-1862.461427	1386.051666	-468.968528
702.000000	1001.417844	7.638152	-1873.468062	1396.963798	-468.866112
703.000000	1032.114194	7.872284	-1884.477299	1407.847356	-468.757659
704.000000	1061.127880	8.093581	-1895.361055	1418.599228	-468.668246
705.000000	1080.670720	8.242641	-1906.003294	1429.136548	-468.624106
706.000000	1086.167406	8.284566	-1916.281720	1439.360145	-468.637010
707.000000	1078.860849	8.228836	-1926.059042	1449.133043	-468.697163
708.000000	1064.345457	8.118122	-1935.194052	1458.295853	-468.780076
709.000000	1048.882969	8.000185	-1943.562067	1466.700967	-468.860916
710.000000	1036.974736	7.909357	-1951.063617	1474.231241	-468.923019
711.000000	1031.059425	7.864238	-1957.617677	1480.794399	-468.959040
712.000000	1031.457234	7.867273	-1963.153026	1486.315211	-468.970542
713.000000	1035.750598	7.900020	-1967.607855	1490.738967	-468.968867
714.000000	1038.980370	7.924654	-1970.935948	1494.038139	-468.973155
715.000000	1035.516019	7.898230	-1973.107834	1496.207116	-469.002488
716.000000	1022.064593	7.795632	-1974.105157	1497.244231	-469.065294
717.000000	1000.068774	7.627862	-1973.913825	1497.133752	-469.152210
718.000000	975.822739	7.442930	-1972.520041	1495.839653	-469.237459
719.000000	958.383203	7.309912	-1969.912631	1493.314463	-469.288256
720.000000	956.156264	7.292927	-1966.092881	1489.521976	-469.277978
721.000000	973.064252	7.421890	-1961.091201	1484.469763	-469.199548
722.000000	1005.671465	7.670596	-1954.985882	1478.241999	-469.073287
723.000000	1043.156410	7.956506	-1947.910113	1471.009801	-468.943806
724.000000	1071.235234	8.170673	-1940.034380	1463.000691	-468.863015
725.000000	1078.683378	8.227482	-1931.528887	1454.435329	-468.866076
726.000000	1062.712680	8.105669	-1922.528745	1445.468856	-468.954221
727.000000	1030.038889	7.856455	-1913.122939	1436.172019	-469.094466
728.000000	993.137647	7.574996	-1903.370680	1426.559087	-469.236597
729.000000	964.241461	7.354595	-1893.332941	1416.642386	-469.335959
730.000000	950.625376	7.250741	-1883.099468	1406.478637	-469.370090
731.000000	952.947958	7.268456	-1872.795231	1396.184283	-469.342492
732.000000	966.626083	7.372784	-1862.566648	1385.918350	-469.275515
733.000000	984.689601	7.510560	-1852.556388	1375.847637	-469.198191
734.000000	1000.689525	7.632597	-1842.882079	1366.114378	-469.135104
735.000000	1010.647418	7.708549	-1833.625168	1356.816983	-469.099637
736.000000	1013.613017	7.731169	-1824.829765	1348.005814	-469.092782
737.000000	1011.161671	7.712472	-1816.508996	1339.690224	-469.106300
738.000000	1006.169644	7.674396	-1808.658075	1331.855553	-469.128126
739.000000	1001.050305	7.635349	-1801.270487	1324.486307	-469.148831
740.000000	996.443818	7.600214	-1794.355218	1317.588911	-469.166093
741.000000	991.169421	7.559984	-1787.946013	1311.201836	-469.184193
742.000000	983.270061	7.499733	-1782.099849	1305.390624	-469.209492
743.000000	971.479766	7.409804	-1776.887060	1300.231982	-469.245274
744.000000	956.157698	7.292938	-1772.378990	1295.797366	-469.288687
745.000000	939.165320	7.163331	-1768.636730	1292.141700	-469.331698
746.000000	923.181269	7.041415	-1765.703898	1289.298315	-469.364168
747.000000	911.103516	6.949294	-1763.601033	1287.275680	-469.376059
748.000000	905.768398	6.908602	-1762.323946	1286.056614	-469.358731
749.000000	909.565146	6.937561	-1761.847364	1285.603285	-469.306518
750.000000	923.654256	7.045023	-1762.136552	1285.872363	-469.219166
751.000000	947.025413	7.223283	-1763.163932	1286.835932	-469.104718
752.000000	975.969354	7.444048	-1764.921023	1288.496738	-468.980238
753.000000	1004.585181	7.662310	-1767.421295	1290.890025	-468.868959
754.000000	1026.287561	7.827842	-1770.690683	1294.068880	-468.793961
755.000000	1036.126741	7.902889	-1774.752416	1298.079763	-468.769765
756.000000	1032.603638	7.876017	-1779.611990	1302.939094	-468.796880
757.000000	1018.114980	7.765507	-1785.247727	1308.620970	-468.861250
758.000000	998.133108	7.613098	-1791.614735	1315.062488	-468.939149
759.000000	979.317214	7.469583	-1798.656421	1322.181881	-469.004956
760.000000	967.281717	7.377784	-1806.313992	1329.896974	-469.039234
761.000000	965.266157	7.362411	-1814.530117	1338.134670	-469.033036
762.000000	974.000027	7.429027	-1823.244701	1346.828001	-468.987672
763.000000	992.373737	7.569170	-1832.387276	1355.906829	-468.911276
764.000000	1018.254888	7.766574	-1841.873777	1365.291829	-468.815374
765.000000	1048.688548	7.998702	-1851.611752	1374.899167	-468.713883
766.000000	1079.395969	8.232918	-1861.514328	1384.657161	-468.624249
767.000000	1104.368079	8.423388	-1871.513368	1394.521765	-468.568215
768.000000	1116.791104	8.518143	-1881.556678	1404.471175	-468.567361
769.000000	1111.719440	8.479460	-1891.588208	1414.475120	-468.633628
770.000000	1088.882743	8.305276	-1901.522230	1424.456414	-468.760540
771.000000	1053.675447	8.036739	-1911.230607	1434.272283	-468.921585
772.000000	1015.728178	7.747302	-1920.551437	1443.726461	-469.077674
773.000000	985.928371	7.520009	-1929.308945	1452.599712	-469.189225
774.000000	973.115038	7.422277	-1937.337470	1460.686702	-469.228491
775.000000	980.579078	7.479208	-1944.510481	1467.839792	-469.191481
776.000000	1003.079088	7.650823	-1950.766005	1474.009632	-469.105550
777.000000	1027.231835	7.835044	-1956.113365	1479.254510	-469.023811
778.000000	1037.301748	7.911851	-1960.606198	1483.692881	-469.001467
779.000000	1023.616745	7.807471	-1964.293004	1487.419441	-469.066092
780.000000	988.094420	7.536530	-1967.174187	1490.436628	-469.201030
781.000000	943.518309	7.196533	-1969.189154	1492.639922	-469.352699
782.000000	907.434176	6.921307	-1970.232203	1493.854776	-469.456121
783.000000	894.496788	6.822629	-1970.183922	1493.897899	-469.463395
784.000000	910.581320	6.945311	-1968.945640	1492.636908	-469.363421
785.000000	950.622268	7.250717	-1966.467766	1490.031246	-469.185804
786.000000	1000.891228	7.634135	-1962.763256	1486.140676	-468.988444
787.000000	1044.893387	7.969755	-1957.900500	1481.097443	-468.833303
788.000000	1070.222530	8.162949	-1951.980144	1475.055781	-468.761414
789.000000	1072.989694	8.184055	-1945.110321	1468.147275	-468.778992
790.000000	1057.879895	8.068807	-1937.392738	1460.463095	-468.860836
791.000000	1034.328521	7.889173	-1928.924627	1452.068516	-468.966938
792.000000	1011.553730	7.715462	-1919.809708	1443.032833	-469.061414
793.000000	995.543694	7.593348	-1910.165543	1433.449236	-469.122960
794.000000	988.996449	7.543410	-1900.120359	1423.432700	-469.144249
795.000000	992.637070	7.571178	-1889.805466	1413.107937	-469.126351
796.000000	1005.724058	7.670997	-1879.353704	1402.606426	-469.076280
797.000000	1025.565844	7.822337	-1868.904194	1392.074119	-469.007737
798.000000	1047.324193	7.988295	-1858.604448	1381.675348	-468.940805
799.000000	1064.886071	8.122246	-1848.600746	1371.580706	-468.897794
800.000000	1072.805269	8.182648	-1839.020655	1361.941862	-468.896146
801.000000	1068.228468	8.147739	-1829.955236	1352.865474	-468.942023
802.000000	1051.777673	8.022264	-1821.449604	1344.399229	-469.028111
803.000000	1027.194167	7.834757	-1813.505999	1336.534837	-469.136405
804.000000	999.968843	7.627100	-1806.098525	1329.227209	-469.244217
805.000000	975.481348	7.440326	-1799.195613	1322.423722	-469.331566
806.000000	957.279317	7.301493	-1792.783099	1316.094559	-469.387048
807.000000	946.151455	7.216617	-1786.879860	1310.252942	-469.410301
808.000000	940.483956	7.173389	-1781.539584	1304.956534	-469.409661
809.000000	937.732359	7.152401	-1776.838139	1300.289684	-469.396053
810.000000	936.010634	7.139269	-1772.854229	1296.337721	-469.377239
811.000000	934.773366	7.129832	-1769.652842	1293.167205	-469.355805
812.000000	934.186654	7.125357	-1767.278989	1290.821957	-469.331674
813.000000	934.003166	7.123958	-1765.757737	1289.327680	-469.306099
814.000000	933.149806	7.117449	-1765.094314	1288.693929	-469.282936
815.000000	930.683303	7.098636	-1765.271296	1288.907856	-469.264804
816.000000	927.299706	7.072828	-1766.246765	1289.925526	-469.248411
817.000000	925.720725	7.060785	-1767.959073	1291.674460	-469.223829
818.000000	929.444449	7.089187	-1770.342941	1294.074017	-469.179738
819.000000	940.602400	7.174292	-1773.348725	1297.063383	-469.111050
820.000000	958.459066	7.310491	-1776.954438	1300.620555	-469.023392
821.000000	979.693813	7.472456	-1781.165040	1304.761501	-468.931084
822.000000	999.923618	7.626755	-1786.000586	1309.522898	-468.850933
823.000000	1015.308689	7.744102	-1791.480138	1314.939959	-468.796076
824.000000	1023.637696	7.807630	-1797.609826	1321.029681	-468.772515
825.000000	1024.622207	7.815140	-1804.375706	1327.782153	-468.778414
826.000000	1019.708628	7.777662	-1811.742862	1335.159531	-468.805668
827.000000	1011.667523	7.716330	-1819.658216	1343.099961	-468.841925
828.000000	1004.023557	7.658027	-1828.056371	1351.524894	-468.873450
829.000000	1000.118280	7.628240	-1836.868035	1360.351077	-468.888718
830.000000	1001.913704	7.641934	-1846.027608	1369.503439	-468.882235
831.000000	1009.290169	7.698197	-1855.477800	1378.922729	-468.856874
832.000000	1020.142183	7.780969	-1865.166522	1388.563279	-468.822274
833.000000	1031.280896	7.865928	-1875.036246	1398.379297	-468.791021
834.000000	1039.881534	7.931528	-1885.012213	1408.307568	-468.773117
835.000000	1044.637735	7.967805	-1894.995120	1418.255214	-468.772101
836.000000	1046.159740	7.979414	-1904.858881	1428.095252	-468.784215
837.000000	1046.894981	7.985022	-1914.453452	1437.669002	-468.799429
838.000000	1050.246037	8.010581	-1923.613646	1446.797496	-468.805569
839.000000	1058.794711	8.075785	-1932.173466	1455.302777	-468.794904
840.000000	1072.408030	8.179618	-1939.983515	1463.033582	-468.770314
841.000000	1087.495350	8.294694	-1946.923407	1469.882089	-468.746623
842.000000	1098.121165	8.375741	-1952.906432	1475.785418	-468.745273
843.000000	1098.110906	8.375663	-1957.877312	1480.715282	-468.786367
844.000000	1083.087027	8.261071	-1961.803492	1484.661472	-468.880949
845.000000	1052.194576	8.025443	-1964.663586	1487.612557	-469.025586
846.000000	1009.240563	7.697819	-1966.435002	1489.537147	-469.200037
847.000000	962.530341	7.341544	-1967.085934	1490.374633	-469.369756
848.000000	923.008913	7.040101	-1966.578885	1490.044201	-469.494583
849.000000	900.720273	6.870098	-1964.888053	1488.475695	-469.542260
850.000000	900.779752	6.870551	-1962.026024	1485.653414	-469.502058
851.000000	921.008674	7.024844	-1958.064245	1481.648647	-469.390753
852.000000	952.907213	7.268145	-1953.130793	1476.616407	-469.246241
853.000000	985.638848	7.517800	-1947.382838	1470.753880	-469.111157
854.000000	1010.706382	7.708999	-1940.968145	1464.243369	-469.015777
855.000000	1024.383630	7.813320	-1933.997753	1457.213733	-468.970701
856.000000	1027.231348	7.835040	-1926.539339	1449.734733	-468.969566
857.000000	1022.628235	7.799931	-1918.627296	1441.831402	-468.995963
858.000000	1015.683221	7.746959	-1910.277551	1433.501984	-469.028608
859.000000	1012.138373	7.719921	-1901.504448	1424.738263	-469.046264
860.000000	1016.404169	7.752458	-1892.342755	1415.555163	-469.035134
861.000000	1029.162034	7.849766	-1882.869343	1406.023291	-468.996285
862.000000	1046.367952	7.981002	-1873.208901	1396.280440	-468.947459
863.000000	1061.022452	8.092777	-1863.516274	1386.508704	-468.914794
864.000000	1066.607805	8.135378	-1853.945784	1376.890305	-468.920100
865.000000	1059.730678	8.082924	-1844.625596	1367.570910	-468.971763
866.000000	1040.888509	7.939208	-1835.646730	1358.644452	-469.063070
867.000000	1013.757401	7.732270	-1827.065875	1350.157414	-469.176191
868.000000	983.794681	7.503734	-1818.915660	1342.123436	-469.288490
869.000000	956.681110	7.296930	-1811.215788	1334.540320	-469.378539
870.000000	937.130051	7.147807	-1803.984526	1327.406030	-469.430689
871.000000	928.177951	7.079527	-1797.246913	1320.730225	-469.437162
872.000000	930.686182	7.098658	-1791.040348	1314.542482	-469.399208
873.000000	943.002822	7.192601	-1785.417877	1308.897672	-469.327604
874.000000	960.909794	7.329184	-1780.446751	1303.876277	-469.241291
875.000000	978.500262	7.463352	-1776.202448	1299.575579	-469.163516
876.000000	989.794355	7.549496	-1772.755392	1296.090534	-469.115361
877.000000	990.433457	7.554371	-1770.155132	1293.491200	-469.109562
878.000000	979.128803	7.468146	-1768.419316	1291.804944	-469.146226
879.000000	958.313124	7.309378	-1767.529603	1291.008458	-469.211768
880.000000	933.662802	7.121362	-1767.435733	1291.032182	-469.282189
881.000000	912.532775	6.960196	-1768.070866	1291.780714	-469.329956
882.000000	901.522113	6.876214	-1769.375036	1293.165476	-469.333347
883.000000	904.143508	6.896208	-1771.315723	1295.135465	-469.284050
884.000000	919.923551	7.016568	-1773.899203	1297.693527	-469.189108
885.000000	945.181417	7.209218	-1777.164600	1300.888623	-469.066758
886.000000	974.615074	7.433718	-1781.166220	1304.792880	-468.939621
887.000000	1002.824466	7.648881	-1785.952164	1309.474667	-468.828616
888.000000	1025.543081	7.822163	-1791.544987	1314.974275	-468.748548
889.000000	1040.345967	7.935070	-1797.925898	1321.285191	-468.705638
890.000000	1047.075007	7.986395	-1805.029785	1328.346048	-468.697342
891.000000	1047.563068	7.990117	-1812.750341	1336.046094	-468.714129
892.000000	1044.392659	7.965936	-1820.954212	1344.243881	-468.744395
893.000000	1039.698907	7.930135	-1829.500504	1352.791242	-468.779127
894.000000	1034.753892	7.892417	-1838.257525	1361.552222	-468.812886
895.000000	1030.644769	7.861076	-1847.113428	1370.410937	-468.841416
896.000000	1028.995309	7.848495	-1855.981058	1379.273250	-468.859313
897.000000	1031.573099	7.868156	-1864.800835	1388.071164	-468.861514
898.000000	1038.744859	7.922858	-1873.546482	1396.774566	-468.849058
899.000000	1047.628542	7.990617	-1882.225696	1405.400685	-468.834394
900.000000	1051.998188	8.023945	-1890.866230	1414.002229	-468.840056
901.000000	1045.205244	7.972133	-1899.485705	1422.626597	-468.886974
902.000000	1024.737677	7.816020	-1908.055003	1431.260430	-468.978552
903.000000	995.149341	7.590340	-1916.476816	1439.793333	-469.093143
904.000000	966.552934	7.372226	-1924.591755	1448.027799	-469.191730
905.000000	949.411100	7.241479	-1932.212947	1455.732933	-469.238535
906.000000	949.052363	7.238743	-1939.167066	1462.708613	-469.219710
907.000000	963.352835	7.347817	-1945.321265	1468.824219	-469.149228
908.000000	984.841156	7.511716	-1950.588176	1474.017584	-469.058876
909.000000	1005.571241	7.669831	-1954.913983	1478.265193	-468.978958
910.000000	1021.370662	7.790339	-1958.263015	1481.548628	-468.924048
911.000000	1032.866227	7.878020	-1960.608433	1483.840092	-468.890322
912.000000	1043.052345	7.955713	-1961.937240	1485.115144	-468.866383
913.000000	1053.303595	8.033902	-1962.258247	1485.376913	-468.847432
914.000000	1061.217439	8.094264	-1961.601582	1484.665498	-468.841820
915.000000	1061.976774	8.100056	-1960.005052	1483.039927	-468.865069
916.000000	1051.962229	8.023671	-1957.494190	1480.544142	-468.926377
917.000000	1032.015123	7.871528	-1954.070556	1477.181014	-469.018015
918.000000	1008.229562	7.690107	-1949.716757	1472.912187	-469.114462
919.000000	989.544661	7.547591	-1944.417009	1467.686380	-469.183038
920.000000	983.242873	7.499525	-1938.185574	1461.485345	-469.200703
921.000000	990.972290	7.558480	-1931.088354	1454.362984	-469.166890
922.000000	1007.886561	7.687491	-1923.244105	1446.452555	-469.104059
923.000000	1025.669015	7.823124	-1914.801671	1437.933841	-469.044706
924.000000	1037.319368	7.911985	-1905.907732	1428.982227	-469.013519
925.000000	1040.553511	7.936653	-1896.687178	1419.734361	-469.016164
926.000000	1037.705424	7.914930	-1887.244071	1410.287532	-469.041609
927.000000	1032.783264	7.877387	-1877.676538	1400.725432	-469.073720
928.000000	1028.366853	7.843701	-1868.092855	1391.146354	-469.102800
929.000000	1024.161216	7.811624	-1858.614840	1381.673265	-469.129951
930.000000	1017.703150	7.762366	-1849.366542	1372.440537	-469.163640
931.000000	1006.476875	7.676739	-1840.456660	1363.568456	-469.211465
932.000000	989.646704	7.548370	-1831.963017	1355.140179	-469.274469
933.000000	968.673509	7.388400	-1823.927511	1347.193994	-469.345117
934.000000	946.972209	7.222877	-1816.362061	1339.729572	-469.409612
935.000000	928.945509	7.085381	-1809.260183	1332.722745	-469.452056
936.000000	918.866120	7.008502	-1802.610856	1326.143583	-469.458771
937.000000	919.659262	7.014552	-1796.412167	1319.974842	-469.422773
938.000000	931.724194	7.106575	-1790.683531	1314.229752	-469.347204
939.000000	952.279422	7.263357	-1785.473260	1308.963222	-469.246681
940.000000	975.598518	7.441219	-1780.856222	1304.269945	-469.145057
941.000000	994.460038	7.585083	-1776.918935	1300.264989	-469.068863
942.000000	1002.619044	7.647314	-1773.736915	1297.051413	-469.038188
943.000000	997.297677	7.606726	-1771.352921	1294.687881	-469.058314
944.000000	980.380309	7.477692	-1769.767712	1293.172930	-469.117090
945.000000	957.582044	7.303802	-1768.946667	1292.453120	-469.189745
946.000000	936.115962	7.140073	-1768.839701	1292.451071	-469.248557
947.000000	922.100286	7.033170	-1769.405006	1293.099422	-469.272413
948.000000	918.772991	7.007792	-1770.626336	1294.365686	-469.252858
949.000000	925.929348	7.062376	-1772.516781	1296.259540	-469.194865
950.000000	940.569977	7.174045	-1775.109326	1298.822228	-469.113054
951.000000	958.550225	7.311186	-1778.440605	1302.104402	-469.025017
952.000000	976.265028	7.446303	-1782.535611	1306.144409	-468.944899
953.000000	991.405072	7.561781	-1787.399768	1310.956979	-468.881007
954.000000	1002.683429	7.647805	-1793.017595	1316.532637	-468.837153
955.000000	1009.374015	7.698837	-1799.355319	1322.842173	-468.814309
956.000000	1011.280762	7.713380	-1806.364804	1329.840089	-468.811335
957.000000	1008.892456	7.695164	-1813.984964	1337.465368	-468.824433
958.000000	1003.615611	7.654915	-1822.142585	1345.640952	-468.846718
959.000000	998.105949	7.612891	-1830.752544	1354.272405	-468.867247
960.000000	996.353193	7.599522	-1839.718933	1363.247701	-468.871710
961.000000	1002.786465	7.648591	-1848.938044	1372.443331	-468.846122
962.000000	1020.146762	7.781004	-1858.307450	1381.741697	-468.784749
963.000000	1046.844826	7.984639	-1867.739104	1391.056376	-468.698089
964.000000	1076.048224	8.207383	-1877.168191	1400.346595	-468.614212
965.000000	1098.030805	8.375052	-1886.546353	1409.603320	-468.567981
966.000000	1105.009169	8.428278	-1895.819208	1418.807629	-468.583301
967.000000	1095.453684	8.355395	-1904.905910	1427.891198	-468.659316
968.000000	1074.670309	8.196873	-1913.695018	1436.727240	-468.770904
969.000000	1051.505317	8.020186	-1922.060306	1445.157339	-468.882781
970.000000	1033.759788	7.884835	-1929.883153	1453.031603	-468.966714
971.000000	1024.989001	7.817937	-1937.066526	1460.236335	-469.012253
972.000000	1024.145874	7.811506	-1943.530904	1466.693165	-469.026233
973.000000	1027.790200	7.839303	-1949.199711	1472.336791	-469.023616
974.000000	1032.641590	7.876306	-1953.986659	1477.092540	-469.017813
975.000000	1036.341214	7.904524	-1957.797055	1480.874249	-469.018281
976.000000	1036.133567	7.902941	-1960.547257	1483.609291	-469.035025
977.000000	1027.702863	7.838637	-1962.186855	1485.266589	-469.081630
978.000000	1006.936607	7.680246	-1962.703792	1485.855191	-469.168355
979.000000	974.314368	7.431425	-1962.105783	1485.387020	-469.287339
980.000000	938.076365	7.155025	-1960.396663	1483.837416	-469.404222
981.000000	912.126621	6.957098	-1957.576376	1481.149932	-469.469346
982.000000	908.610993	6.930283	-1953.672554	1477.296989	-469.445282
983.000000	929.942327	7.092984	-1948.779563	1472.353311	-469.333268
984.000000	966.674263	7.373151	-1943.064975	1466.515734	-469.176090
985.000000	1003.120771	7.651141	-1936.727000	1460.041584	-469.034275
986.000000	1026.292092	7.827876	-1929.930682	1453.149788	-468.953018
987.000000	1031.828945	7.870108	-1922.767451	1445.954776	-468.942567
988.000000	1023.936445	7.809909	-1915.257604	1438.466052	-468.981643
989.000000	1011.241314	7.713079	-1907.383167	1430.635248	-469.034839
990.000000	1002.058579	7.643039	-1899.128052	1422.414007	-469.071005
991.000000	1001.275507	7.637066	-1890.507942	1413.796697	-469.074178
992.000000	1009.580411	7.700411	-1881.581612	1404.836171	-469.045030
993.000000	1024.487510	7.814112	-1872.444449	1395.634575	-468.995761
994.000000	1042.029913	7.947914	-1863.212105	1386.321079	-468.943112
995.000000	1058.069771	8.070256	-1854.004588	1377.031391	-468.902941
996.000000	1068.762431	8.151812	-1844.937534	1367.897079	-468.888643
997.000000	1070.681316	8.166448	-1836.117654	1359.040967	-468.910239
998.000000	1061.401364	8.095667	-1827.639281	1350.571065	-468.972548
999.000000	1040.821076	7.938694	-1819.580080	1342.570293	-469.071093
1000.000000	1012.080503	7.719480	-1811.998268	1335.088790	-469.189999
1001.000000	980.944418	7.481994	-1804.935997	1328.148392	-469.305611
1002.000000	953.797153	7.274933	-1798.430669	1321.761098	-469.394638
1003.000000	935.078298	7.132158	-1792.527703	1315.952430	-469.443115
1004.000000	925.761104	7.061093	-1787.286655	1310.774687	-469.450876
1005.000000	923.742960	7.045700	-1782.775243	1306.300615	-469.428929
1006.000000	925.472405	7.058891	-1779.054974	1302.603493	-469.392591
1007.000000	927.695384	7.075846	-1776.167335	1299.736561	-469.354928
1008.000000	928.428360	7.081437	-1774.125977	1297.721338	-469.323202
1009.000000	927.245228	7.072413	-1772.915606	1296.544848	-469.298346
1010.000000	925.311177	7.057661	-1772.494255	1296.161259	-469.275336
1011.000000	925.266509	7.057320	-1772.798829	1296.497145	-469.244363
1012.000000	930.670614	7.098539	-1773.752961	1297.460720	-469.193702
1013.000000	944.853530	7.206717	-1775.277244	1298.956701	-469.113826
1014.000000	969.470768	7.394481	-1777.305260	1300.908052	-469.002727
1015.000000	1002.990559	7.650148	-1779.802604	1303.281902	-468.870554
1016.000000	1039.575916	7.929197	-1782.780741	1306.109524	-468.742021
1017.000000	1069.736607	8.159242	-1786.296938	1309.485741	-468.651955
1018.000000	1083.316182	8.262818	-1790.435058	1313.538875	-468.633365
1019.000000	1073.895776	8.190966	-1795.269448	1318.376985	-468.701497
1020.000000	1042.587473	7.952167	-1800.830761	1324.035961	-468.842633
1021.000000	998.720681	7.617580	-1807.088454	1330.456015	-469.014859
1022.000000	956.750469	7.297459	-1813.959751	1337.500094	-469.162197
1023.000000	930.736359	7.099041	-1821.338435	1345.003163	-469.236231
1024.000000	928.986080	7.085691	-1829.124794	1352.824927	-469.214176
1025.000000	951.408375	7.256713	-1837.242825	1360.880052	-469.106060
1026.000000	990.458272	7.554560	-1845.640378	1369.137694	-468.948124
1027.000000	1034.589719	7.891165	-1854.278677	1377.599785	-468.787727
1028.000000	1072.341774	8.179113	-1863.119033	1386.272269	-468.667651
1029.000000	1095.438415	8.355279	-1872.109982	1395.139900	-468.614803
1030.000000	1100.288566	8.392273	-1881.177893	1404.149578	-468.636042
1031.000000	1088.007363	8.298600	-1890.223769	1413.204957	-468.720212
1032.000000	1063.268276	8.109906	-1899.126070	1422.172314	-468.843850
1033.000000	1032.455866	7.874890	-1907.750307	1430.896040	-468.979377
1034.000000	1001.812488	7.641162	-1915.960118	1439.216944	-469.102011
1035.000000	976.465799	7.447834	-1923.626384	1446.985227	-469.193323
1036.000000	960.277486	7.324361	-1930.632289	1454.066399	-469.241530
1037.000000	955.697551	7.289428	-1936.878212	1460.347073	-469.241711
1038.000000	962.874959	7.344173	-1942.292604	1465.749823	-469.198608
1039.000000	978.031848	7.459779	-1946.846724	1470.256052	-469.130893
1040.000000	993.114705	7.574821	-1950.560814	1473.915738	-469.070255
1041.000000	998.663325	7.617142	-1953.487745	1476.821138	-469.049465
1042.000000	989.094259	7.544156	-1955.673310	1479.045798	-469.083356
1043.000000	967.142274	7.376721	-1957.114604	1480.582202	-469.155681
1044.000000	943.816707	7.198809	-1957.743360	1481.321575	-469.222976
1045.000000	932.917450	7.115676	-1957.446272	1481.093640	-469.236956
1046.000000	943.290098	7.194792	-1956.110004	1479.743033	-469.172178
1047.000000	973.876474	7.428085	-1953.665553	1477.196484	-469.040984
1048.000000	1014.681391	7.739318	-1950.109553	1473.483978	-468.886257
1049.000000	1052.428890	8.027231	-1945.499366	1468.713646	-468.758489
1050.000000	1076.831196	8.213355	-1939.933153	1463.027123	-468.692675
1051.000000	1084.161148	8.269263	-1933.531186	1456.565216	-468.696706
1052.000000	1077.209006	8.216237	-1926.425599	1449.455125	-468.754237
1053.000000	1062.524048	8.104230	-1918.754942	1441.813982	-468.836730
1054.000000	1046.941433	7.985376	-1910.657797	1433.755504	-468.916917
1055.000000	1035.270353	7.896357	-1902.262518	1425.388833	-468.977329
1056.000000	1029.509044	7.852413	-1893.674446	1416.809784	-469.012249
1057.000000	1029.199844	7.850055	-1884.972214	1408.096559	-469.025601
1058.000000	1031.964552	7.871142	-1876.216970	1399.317656	-469.028171
1059.000000	1034.117934	7.887567	-1867.466244	1390.544572	-469.034105
1060.000000	1032.235275	7.873207	-1858.782718	1381.854501	-469.055011
1061.000000	1025.217655	7.819681	-1850.231521	1373.319078	-469.092761
1062.000000	1015.387500	7.744703	-1841.874234	1364.992441	-469.137090
1063.000000	1007.359326	7.683470	-1833.769138	1356.914611	-469.171057
1064.000000	1004.923560	7.664891	-1825.978481	1349.131117	-469.182472
1065.000000	1008.319733	7.690795	-1818.575132	1341.711395	-469.172942
1066.000000	1013.933884	7.733616	-1811.637238	1334.746374	-469.157248
1067.000000	1016.671182	7.754494	-1805.232418	1328.324069	-469.153854
1068.000000	1013.038697	7.726788	-1799.402240	1322.501696	-469.173755
1069.000000	1002.731096	7.648169	-1794.158995	1317.295209	-469.215617
1070.000000	988.061650	7.536280	-1789.496703	1312.691605	-469.268818
1071.000000	972.203563	7.415325	-1785.407734	1308.671834	-469.320575
1072.000000	957.741700	7.305019	-1781.893551	1305.227418	-469.361113
1073.000000	946.246202	7.217339	-1778.967453	1302.364816	-469.385298
1074.000000	938.482042	7.158120	-1776.652319	1300.102696	-469.391504
1075.000000	934.667394	7.129024	-1774.977964	1298.468521	-469.380419
1076.000000	934.558552	7.128194	-1773.980159	1297.497409	-469.354556
1077.000000	937.387871	7.149774	-1773.699514	1297.231559	-469.318181
1078.000000	941.681074	7.182520	-1774.179184	1297.718712	-469.277953
1079.000000	945.193490	7.209310	-1775.459724	1299.007949	-469.242464
1080.000000	945.343262	7.210452	-1777.573772	1301.142804	-469.220516
1081.000000	940.082198	7.170324	-1780.536950	1304.148857	-469.217768
1082.000000	929.193179	7.087270	-1784.338081	1308.018289	-469.232522
1083.000000	915.326365	6.981503	-1788.933858	1312.699553	-469.252801
1084.000000	903.872864	6.894144	-1794.252693	1318.100157	-469.258391
1085.000000	901.144030	6.873330	-1800.206913	1324.105411	-469.228172
1086.000000	911.769438	6.954373	-1806.709503	1330.605625	-469.149504
1087.000000	936.657594	7.144204	-1813.689189	1337.520284	-469.024701
1088.000000	972.489437	7.417505	-1821.093064	1344.804342	-468.871216
1089.000000	1013.117946	7.727393	-1828.878716	1352.436229	-468.715095
1090.000000	1051.708987	8.021740	-1837.003995	1360.399610	-468.582645
1091.000000	1082.226535	8.254507	-1845.419587	1368.670338	-468.494742
1092.000000	1100.233155	8.391850	-1854.066980	1377.211224	-468.463906
1093.000000	1103.545857	8.417117	-1862.879849	1385.969925	-468.492807
1094.000000	1092.771181	8.334935	-1871.782461	1394.874344	-468.573182
1095.000000	1071.497373	8.172672	-1880.686436	1403.827343	-468.686420
1096.000000	1045.833521	7.976926	-1889.490025	1412.706741	-468.806359
1097.000000	1023.166415	7.804036	-1898.081321	1421.372256	-468.905029
1098.000000	1010.231077	7.705374	-1906.345045	1429.679757	-468.959914
1099.000000	1010.894043	7.710430	-1914.172020	1437.500055	-468.961534
1100.000000	1024.324063	7.812866	-1921.470470	1444.738947	-468.918657
1101.000000	1044.734672	7.968544	-1928.172520	1451.347115	-468.856861
1102.000000	1063.676531	8.113020	-1934.229378	1457.307881	-468.808477
1103.000000	1074.030172	8.191991	-1939.595493	1462.605772	-468.797730
1104.000000	1073.056436	8.184564	-1944.213700	1467.198278	-468.830858
1105.000000	1062.644627	8.105149	-1948.013861	1471.011706	-468.897006
1106.000000	1047.133623	7.986842	-1950.925062	1473.960820	-468.977400
1107.000000	1030.496665	7.859946	-1952.891262	1475.975278	-469.056038
1108.000000	1014.786364	7.740118	-1953.881473	1477.016325	-469.125030
1109.000000	1000.362906	7.630106	-1953.889995	1477.076753	-469.183136
1110.000000	987.039147	7.528481	-1952.929532	1476.169743	-469.231307
1111.000000	975.003524	7.436681	-1951.023457	1474.317541	-469.269235
1112.000000	965.098540	7.361133	-1948.199900	1471.544311	-469.294456
1113.000000	958.742413	7.312652	-1944.488733	1467.873353	-469.302728
1114.000000	957.706627	7.304752	-1939.922081	1463.328148	-469.289181
1115.000000	963.545312	7.349286	-1934.540042	1457.940102	-469.250654
1116.000000	976.531099	7.448333	-1928.401657	1451.764048	-469.189276
1117.000000	994.443048	7.584953	-1921.596676	1444.895545	-469.116178
1118.000000	1012.106245	7.719676	-1914.250186	1437.478621	-469.051889
1119.000000	1022.492610	7.798896	-1906.511688	1429.691789	-469.021002
1120.000000	1019.526966	7.776277	-1898.530206	1421.712345	-469.041584
1121.000000	1001.246427	7.636845	-1890.425235	1413.673624	-469.114766
1122.000000	971.767415	7.411998	-1882.267839	1405.636475	-469.219366
1123.000000	940.840076	7.176105	-1874.081754	1397.589217	-469.316432
1124.000000	920.596157	7.021698	-1865.864282	1389.479848	-469.362737
1125.000000	920.562745	7.021443	-1857.619800	1381.268803	-469.329554
1126.000000	943.331589	7.195109	-1849.389982	1372.978759	-469.216114
1127.000000	983.366875	7.500471	-1841.264189	1364.712683	-469.051034
1128.000000	1029.584185	7.852986	-1833.364706	1356.631485	-468.880235
1129.000000	1069.910150	8.160566	-1825.818107	1348.908717	-468.748823
1130.000000	1095.174725	8.353268	-1818.731307	1341.690938	-468.687101
1131.000000	1100.968698	8.397460	-1812.180005	1335.077722	-468.704823
1132.000000	1087.605869	8.295537	-1806.207332	1329.118659	-468.793136
1133.000000	1059.211008	8.078960	-1800.828240	1323.819676	-468.929604
1134.000000	1022.528690	7.799172	-1796.036030	1319.152817	-469.084042
1135.000000	985.559992	7.517199	-1791.808595	1315.066802	-469.224595
1136.000000	956.098064	7.292483	-1788.116375	1311.500504	-469.323388
1137.000000	940.179261	7.171065	-1784.933679	1308.400547	-469.362067
1138.000000	940.478584	7.173348	-1782.252953	1305.742701	-469.336904
1139.000000	954.936380	7.283622	-1780.097115	1303.551371	-469.262122
1140.000000	976.532711	7.448345	-1778.523756	1301.907008	-469.168403
1141.000000	995.158488	7.590410	-1777.615138	1300.930457	-469.094271
1142.000000	1001.262239	7.636965	-1777.454078	1300.745097	-469.072016
1143.000000	989.679384	7.548619	-1778.095768	1301.432734	-469.114415
1144.000000	962.048051	7.337865	-1779.550109	1303.003938	-469.208306
1145.000000	926.627901	7.067704	-1781.780139	1305.394467	-469.317968
1146.000000	895.432169	6.829764	-1784.717739	1308.489999	-469.397976
1147.000000	879.805151	6.710571	-1788.289435	1312.168599	-469.410264
1148.000000	886.179660	6.759192	-1792.440045	1316.342248	-469.338606
1149.000000	913.829475	6.970086	-1797.144678	1320.980214	-469.194378
1150.000000	955.648985	7.289058	-1802.404377	1326.104289	-469.011030
1151.000000	1001.455026	7.638436	-1808.228321	1331.759774	-468.830111
1152.000000	1041.875661	7.946738	-1814.614186	1337.980974	-468.686474
1153.000000	1070.792337	8.167295	-1821.537069	1344.769882	-468.599892
1154.000000	1085.700840	8.281007	-1828.949813	1352.093829	-468.574978
1155.000000	1086.969543	8.290684	-1836.788778	1359.893267	-468.604827
1156.000000	1076.977428	8.214471	-1844.980698	1368.090746	-468.675481
1157.000000	1059.390456	8.080329	-1853.443360	1376.593771	-468.769260
1158.000000	1038.735729	7.922788	-1862.083166	1385.293613	-468.866765
1159.000000	1019.923467	7.779301	-1870.794443	1394.065915	-468.949227
1160.000000	1007.517153	7.684674	-1879.462189	1402.776355	-469.001160
1161.000000	1004.692667	7.663130	-1887.971403	1411.294192	-469.014080
1162.000000	1011.856426	7.717771	-1896.220310	1419.511821	-468.990718
1163.000000	1025.792363	7.824065	-1904.131196	1427.360437	-468.946694
1164.000000	1040.258661	7.934404	-1911.651313	1434.810111	-468.906798
1165.000000	1048.114888	7.994326	-1918.740005	1441.849380	-468.896298
1166.000000	1044.299356	7.965224	-1925.349762	1448.454434	-468.930104
1167.000000	1027.979575	7.840747	-1931.413697	1454.566529	-469.006420
1168.000000	1002.607432	7.647226	-1936.844985	1460.089708	-469.108052
1169.000000	974.387029	7.431979	-1941.548750	1464.907342	-469.209429
1170.000000	950.207270	7.247552	-1945.436892	1468.904436	-469.284904
1171.000000	936.044292	7.139526	-1948.439149	1471.984854	-469.314769
1172.000000	935.881911	7.138287	-1950.508583	1474.081288	-469.289007
1173.000000	950.542302	7.250107	-1951.623615	1475.162835	-469.210673
1174.000000	976.741192	7.449935	-1951.788061	1475.240498	-469.097628
1175.000000	1007.519592	7.684692	-1951.024866	1474.360988	-468.979186
1176.000000	1034.624556	7.891431	-1949.361066	1472.583563	-468.886072
1177.000000	1052.057423	8.024397	-1946.812140	1469.950158	-468.837585
1178.000000	1058.769060	8.075589	-1943.377378	1466.468248	-468.833541
1179.000000	1058.463525	8.073259	-1939.052707	1462.122504	-468.856944
1180.000000	1056.400409	8.057523	-1933.859371	1456.914690	-468.887159
1181.000000	1055.036057	8.047116	-1927.874325	1450.911848	-468.915361
1182.000000	1051.808203	8.022496	-1921.238793	1444.265657	-468.950640
1183.000000	1041.315850	7.942468	-1914.131896	1437.178986	-469.010442
1184.000000	1020.053253	7.780291	-1906.721472	1429.837714	-469.103468
1185.000000	989.929130	7.550524	-1899.123986	1422.355072	-469.218390
1186.000000	958.222363	7.308686	-1891.394675	1414.759805	-469.326184
1187.000000	934.178477	7.125295	-1883.546494	1407.027219	-469.393980
1188.000000	924.745242	7.053344	-1875.584385	1399.130483	-469.400557
1189.000000	931.708279	7.106454	-1867.536306	1391.084262	-469.345590
1190.000000	951.271372	7.255668	-1859.465692	1382.961022	-469.249001
1191.000000	976.055894	7.444708	-1851.462504	1374.876159	-469.141637
1192.000000	998.443169	7.615463	-1843.623173	1366.955317	-469.052393
1193.000000	1013.419276	7.729691	-1836.032381	1359.304649	-468.998041
1194.000000	1019.566966	7.776582	-1828.758245	1352.000703	-468.980960
1195.000000	1018.195891	7.766124	-1821.858281	1345.098900	-468.993257
1196.000000	1011.662790	7.716294	-1815.386595	1338.646612	-469.023690
1197.000000	1002.143773	7.643689	-1809.395161	1332.689080	-469.062392
1198.000000	991.211857	7.560308	-1803.928612	1327.265839	-469.102465
1199.000000	980.013650	7.474895	-1799.015073	1322.401121	-469.139057
1200.000000	969.893555	7.397706	-1794.658304	1318.093681	-469.166917
1201.000000	963.031454	7.345366	-1790.840646	1314.316545	-469.178735
1202.000000	962.035600	7.337770	-1787.537450	1311.032880	-469.166799
1203.000000	968.463622	7.386799	-1784.738287	1308.223220	-469.128267
1204.000000	981.497751	7.486215	-1782.463478	1305.908151	-469.069112
1205.000000	997.984696	7.611966	-1780.765248	1304.150208	-469.003074
1206.000000	1013.874153	7.733161	-1779.712097	1303.033217	-468.945719
1207.000000	1025.870941	7.824664	-1779.365695	1302.632543	-468.908487
1208.000000	1032.289784	7.873623	-1779.762745	1302.993178	-468.895945
1209.000000	1032.702549	7.876771	-1780.909443	1304.125015	-468.907656
1210.000000	1026.981855	7.833137	-1782.787117	1306.012143	-468.941836
1211.000000	1014.783615	7.740097	-1785.361437	1308.624188	-468.997152
1212.000000	996.110901	7.597674	-1788.588509	1311.920343	-469.070492
1213.000000	972.833359	7.420129	-1792.416047	1315.843857	-469.152061
1214.000000	950.025706	7.246167	-1796.782013	1320.314375	-469.221471
1215.000000	935.845041	7.138006	-1801.619002	1325.230891	-469.250105
1216.000000	938.780668	7.160397	-1806.868008	1330.495554	-469.212057
1217.000000	962.984888	7.345011	-1812.500299	1336.054813	-469.100475
1218.000000	1004.145280	7.658955	-1818.535182	1341.936241	-468.939986
1219.000000	1048.990708	8.001006	-1825.036643	1348.251294	-468.784343
1220.000000	1079.923026	8.236938	-1832.083170	1355.149508	-468.696725
1221.000000	1082.651049	8.257745	-1839.721360	1362.742336	-468.721279
1222.000000	1052.900386	8.030827	-1847.925082	1371.033298	-468.860958
1223.000000	999.049729	7.620090	-1856.580586	1379.887817	-469.072680
1224.000000	939.574682	7.166453	-1865.504881	1389.056794	-469.281633
1225.000000	895.962668	6.833810	-1874.489392	1398.245319	-469.410262
1226.000000	883.849324	6.741417	-1883.351169	1407.199167	-469.410585
1227.000000	906.461028	6.913884	-1891.967912	1415.770043	-469.283985
1228.000000	953.863379	7.275438	-1900.283793	1423.929136	-469.079219
1229.000000	1008.151286	7.689510	-1908.288166	1431.729537	-468.869119
1230.000000	1051.155580	8.017519	-1915.979391	1439.241375	-468.720498
1231.000000	1071.013697	8.168983	-1923.329961	1446.490344	-468.670633
1232.000000	1065.614012	8.127798	-1930.264666	1453.419281	-468.717587
1233.000000	1042.420101	7.950890	-1936.657540	1459.881849	-468.824801
1234.000000	1014.911418	7.741072	-1942.346548	1465.667678	-468.937798
1235.000000	997.101373	7.605229	-1947.161667	1470.550864	-469.005574
1236.000000	998.126158	7.613045	-1950.960832	1474.347631	-469.000156
1237.000000	1018.872205	7.771282	-1953.656629	1476.959380	-468.925966
1238.000000	1052.171277	8.025266	-1955.226766	1478.385328	-468.816172
1239.000000	1086.210935	8.284898	-1955.703168	1478.700906	-468.717364
1240.000000	1109.218735	8.460386	-1955.146649	1478.014871	-468.671392
1241.000000	1113.304783	8.491552	-1953.620195	1476.426914	-468.701729
1242.000000	1096.583433	8.364012	-1951.169220	1473.997942	-468.807266
1243.000000	1063.423508	8.111090	-1947.814123	1470.738931	-468.964102
1244.000000	1022.725108	7.800670	-1943.557634	1466.622778	-469.134186
1245.000000	984.721867	7.510806	-1938.405964	1461.616748	-469.278410
1246.000000	957.672030	7.304488	-1932.394164	1455.721130	-469.368547
1247.000000	945.866032	7.214440	-1925.604215	1448.996117	-469.393659
1248.000000	949.241385	7.240185	-1918.164979	1441.564683	-469.360111
1249.000000	963.904835	7.352028	-1910.238749	1433.598750	-469.287972
1250.000000	982.826114	7.496347	-1902.002820	1425.299416	-469.207058
1251.000000	997.234174	7.606242	-1893.629469	1416.873192	-469.150035
1252.000000	999.479309	7.623366	-1885.264038	1408.498883	-469.141788
1253.000000	986.352814	7.523246	-1877.003307	1400.291662	-469.188399
1254.000000	961.116408	7.330759	-1868.883738	1392.281221	-469.271758
1255.000000	932.929726	7.115770	-1860.889525	1384.419050	-469.354705
1256.000000	913.455422	6.967233	-1852.979239	1376.616825	-469.395181
1257.000000	912.004335	6.956165	-1845.123700	1368.803340	-469.364195
1258.000000	931.516128	7.104988	-1837.341623	1360.977717	-469.258918
1259.000000	967.049220	7.376011	-1829.716797	1353.235415	-469.105371
1260.000000	1007.499574	7.684540	-1822.387031	1345.753391	-468.949100
1261.000000	1040.021531	7.932595	-1815.509812	1338.739938	-468.837278
1262.000000	1055.060433	8.047302	-1809.217357	1332.369945	-468.800110
1263.000000	1049.937399	8.008227	-1803.583120	1326.734943	-468.839950
1264.000000	1029.546607	7.852700	-1798.609517	1321.825486	-468.931331
1265.000000	1003.925888	7.657282	-1794.243766	1317.553504	-469.032981
1266.000000	983.772889	7.503568	-1790.413239	1313.804347	-469.105324
1267.000000	976.050264	7.444665	-1787.065786	1310.494999	-469.126122
1268.000000	981.699939	7.487757	-1784.196873	1307.612217	-469.096898
1269.000000	996.294285	7.599073	-1781.850930	1305.213428	-469.038429
1270.000000	1012.893382	7.725680	-1780.100679	1303.396452	-468.978546
1271.000000	1025.037422	7.818307	-1779.019024	1302.259726	-468.940991
1272.000000	1028.604196	7.845512	-1778.657142	1301.872957	-468.938674
1273.000000	1022.334972	7.797694	-1779.034860	1302.264404	-468.972762
1274.000000	1007.403758	7.683809	-1780.139366	1303.420342	-469.035216
1275.000000	986.987142	7.528084	-1781.929012	1305.290074	-469.110854
1276.000000	965.993562	7.367959	-1784.342559	1307.794580	-469.180020
1277.000000	950.474083	7.249587	-1787.307372	1310.837081	-469.220704
1278.000000	946.661386	7.220506	-1790.751044	1314.317511	-469.213028
1279.000000	959.265228	7.316640	-1794.616236	1318.154156	-469.145440
1280.000000	989.042969	7.543765	-1798.878614	1322.312504	-469.022345
1281.000000	1030.808513	7.862325	-1803.563824	1326.831745	-468.869754
1282.000000	1073.229608	8.185885	-1808.749910	1331.831127	-468.732899
1283.000000	1101.531581	8.401753	-1814.546781	1337.480821	-468.664206
1284.000000	1102.681932	8.410528	-1821.054873	1343.940770	-468.703575
1285.000000	1070.755106	8.167011	-1828.317567	1351.290172	-468.860384
1286.000000	1010.365394	7.706398	-1836.286759	1359.476234	-469.104127
1287.000000	936.602631	7.143785	-1844.819983	1368.306537	-469.369661
1288.000000	870.702576	6.641143	-1853.707417	1377.489568	-469.576707
1289.000000	832.837317	6.352332	-1862.718552	1386.708544	-469.657676
1290.000000	834.917483	6.368198	-1871.649063	1395.698712	-469.582153
1291.000000	876.209051	6.683142	-1880.355674	1404.303459	-469.369073
1292.000000	943.482165	7.196257	-1888.773105	1412.495808	-469.081040
1293.000000	1015.762265	7.747562	-1896.906861	1420.356699	-468.802600
1294.000000	1071.747920	8.174583	-1904.800411	1428.014817	-468.611011
1295.000000	1096.732468	8.365149	-1912.489127	1435.572318	-468.551660
1296.000000	1086.741003	8.288941	-1919.959319	1443.044534	-468.625844
1297.000000	1049.378258	8.003962	-1927.126674	1450.330426	-468.792285
1298.000000	1001.211968	7.636582	-1933.841388	1457.223520	-468.981287
1299.000000	962.045769	7.337848	-1939.917529	1463.460750	-469.118931
1300.000000	947.453988	7.226552	-1945.178040	1468.797054	-469.154435
1301.000000	962.665807	7.342577	-1949.495344	1473.073413	-469.079354
1302.000000	1001.452865	7.638419	-1952.808712	1476.243072	-468.927221
1303.000000	1050.261007	8.010695	-1955.112851	1478.347138	-468.755018
1304.000000	1094.341434	8.346912	-1956.428747	1479.462838	-468.618998
1305.000000	1122.371185	8.560704	-1956.777684	1479.659315	-468.557665
1306.000000	1128.395609	8.606654	-1956.169254	1478.976680	-468.585919
1307.000000	1112.034695	8.481864	-1954.600053	1477.421954	-468.696235
1308.000000	1077.950136	8.221890	-1952.058069	1474.973380	-468.862800
1309.000000	1034.809121	7.892839	-1948.531303	1471.590915	-469.047549
1310.000000	993.372630	7.576789	-1944.019174	1467.233844	-469.208541
1311.000000	963.860928	7.351693	-1938.547541	1461.885524	-469.310324
1312.000000	953.096227	7.269587	-1932.184717	1455.581367	-469.333763
1313.000000	962.036907	7.337780	-1925.052574	1448.431356	-469.283438
1314.000000	984.929995	7.512394	-1917.322820	1440.622682	-469.187744
1315.000000	1011.153887	7.712412	-1909.192560	1432.390441	-469.089708
1316.000000	1029.430428	7.851814	-1900.845538	1423.963540	-469.030185
1317.000000	1032.503347	7.875252	-1892.415006	1415.508475	-469.031280
1318.000000	1020.053153	7.780290	-1883.964434	1407.096227	-469.087917
1319.000000	998.608266	7.616723	-1875.492065	1398.704569	-469.170773
1320.000000	978.474202	7.463153	-1866.960085	1390.256681	-469.240251
1321.000000	968.907471	7.390185	-1858.338405	1381.683451	-469.264769
1322.000000	973.468252	7.424971	-1849.647087	1372.985700	-469.236416
1323.000000	988.068521	7.536332	-1840.978415	1364.266927	-469.175156
1324.000000	1003.216927	7.651874	-1832.485685	1355.715675	-469.118136
1325.000000	1009.034705	7.696249	-1824.343425	1347.547229	-469.099947
1326.000000	1000.142003	7.628421	-1816.703757	1339.939802	-469.135535
1327.000000	977.885785	7.458665	-1809.669424	1332.996450	-469.214309
1328.000000	949.141684	7.239424	-1803.289942	1326.743697	-469.306821
1329.000000	923.079619	7.040640	-1797.574700	1321.155868	-469.378192
1330.000000	907.874045	6.924662	-1792.512356	1316.187069	-469.400625
1331.000000	908.355429	6.928334	-1788.085418	1311.795906	-469.361179
1332.000000	925.372598	7.058129	-1784.280037	1307.958852	-469.263056
1333.000000	956.255782	7.293686	-1781.091005	1304.674892	-469.122427
1334.000000	995.509132	7.593084	-1778.526456	1301.968729	-468.964643
1335.000000	1035.593682	7.898823	-1776.613015	1299.894068	-468.820125
1336.000000	1067.969359	8.145763	-1775.394628	1298.529124	-468.719741
1337.000000	1084.866996	8.274647	-1774.919460	1297.957096	-468.687716
1338.000000	1081.774057	8.251056	-1775.220050	1298.235491	-468.733503
1339.000000	1059.453926	8.080813	-1776.292987	1299.366213	-468.845960
1340.000000	1024.393251	7.813393	-1778.089250	1301.281755	-468.994101
1341.000000	987.226085	7.529907	-1780.522241	1303.857109	-469.135225
1342.000000	959.388516	7.317580	-1783.491198	1306.945387	-469.228231
1343.000000	949.082871	7.238976	-1786.911848	1310.424721	-469.248151
1344.000000	958.304024	7.309308	-1790.742876	1314.238397	-469.195170
1345.000000	982.107510	7.490866	-1794.998523	1318.412973	-469.094684
1346.000000	1010.463160	7.707144	-1799.739939	1323.044831	-468.987964
1347.000000	1032.071021	7.871954	-1805.048537	1328.260003	-468.916580
1348.000000	1038.504101	7.921022	-1810.992158	1334.163662	-468.907475
1349.000000	1026.951113	7.832903	-1817.598382	1340.801042	-468.964438
1350.000000	1000.682659	7.632545	-1824.843942	1348.142768	-469.068630
1351.000000	967.477498	7.379278	-1832.660335	1356.094387	-469.186670
1352.000000	937.013465	7.146918	-1840.949168	1364.520889	-469.281361
1353.000000	918.174920	7.003230	-1849.601214	1373.275613	-469.322371
1354.000000	916.722069	6.992149	-1858.509947	1382.223699	-469.294099
1355.000000	933.664867	7.121377	-1867.579233	1391.257726	-469.200130
1356.000000	964.595471	7.357295	-1876.727355	1400.306213	-469.063846
1357.000000	1000.303911	7.629656	-1885.886494	1409.333192	-468.923646
1358.000000	1029.313907	7.850925	-1894.994792	1418.321933	-468.821934
1359.000000	1042.114149	7.948557	-1903.978559	1427.240905	-468.789098
1360.000000	1035.528742	7.898327	-1912.730854	1436.003289	-468.829237
1361.000000	1014.905352	7.741026	-1921.100944	1444.444475	-468.915442
1362.000000	992.129936	7.567310	-1928.906829	1452.339022	-469.000496
1363.000000	980.019528	7.474940	-1935.968815	1459.454990	-469.038885
1364.000000	986.287419	7.522747	-1942.149266	1465.618505	-469.008014
1365.000000	1010.336817	7.706180	-1947.378583	1470.755042	-468.917361
1366.000000	1044.198500	7.964455	-1951.654471	1474.888043	-468.801973
1367.000000	1076.536727	8.211109	-1955.017130	1478.100397	-468.705624
1368.000000	1097.299811	8.369476	-1957.512512	1480.479901	-468.663135
1369.000000	1101.030505	8.397932	-1959.159948	1482.072798	-468.689219
1370.000000	1087.779421	8.296861	-1959.936669	1482.862743	-468.777066
1371.000000	1061.831560	8.098948	-1959.782134	1482.778404	-468.904782
1372.000000	1029.716463	7.853995	-1958.614973	1481.717028	-469.043950
1373.000000	998.824863	7.618375	-1956.352024	1479.568104	-469.165545
1374.000000	976.628916	7.449079	-1952.925473	1476.233138	-469.243256
1375.000000	969.466828	7.394451	-1948.304068	1471.651226	-469.258391
1376.000000	980.129115	7.475776	-1942.519201	1465.835655	-469.207771
1377.000000	1005.312004	7.667854	-1935.686027	1458.907366	-469.110807
1378.000000	1035.446223	7.897698	-1928.002986	1451.098134	-469.007154
1379.000000	1058.018206	8.069862	-1919.719363	1442.706839	-468.942662
1380.000000	1063.135972	8.108897	-1911.080810	1434.023316	-468.948596
1381.000000	1048.205248	7.995015	-1902.278160	1425.256315	-469.026829
1382.000000	1018.938146	7.771785	-1893.421697	1416.500664	-469.149248
1383.000000	986.197328	7.522060	-1884.550951	1407.756615	-469.272276
1384.000000	960.540291	7.326365	-1875.670658	1398.986701	-469.357592
1385.000000	947.759487	7.228882	-1866.793660	1390.177136	-469.387642
1386.000000	947.403469	7.226166	-1857.968413	1381.373355	-469.368892
1387.000000	954.387424	7.279435	-1849.282430	1372.679068	-469.323927
1388.000000	962.305219	7.339827	-1840.845107	1364.227246	-469.278034
1389.000000	966.471360	7.371603	-1832.762057	1356.142351	-469.248102
1390.000000	965.483344	7.364068	-1825.115228	1348.513440	-469.237721
1391.000000	960.931085	7.329346	-1817.956364	1341.387613	-469.239405
1392.000000	955.727389	7.289656	-1811.312674	1334.781286	-469.241732
1393.000000	952.261015	7.263216	-1805.197478	1328.698231	-469.236031
1394.000000	951.641745	7.258493	-1799.618432	1323.141090	-469.218849
1395.000000	954.159007	7.277693	-1794.578757	1318.110999	-469.190064
1396.000000	960.119267	7.323154	-1790.074479	1313.601618	-469.149707
1397.000000	970.107162	7.399335	-1786.094245	1309.597570	-469.097339
1398.000000	984.271778	7.507373	-1782.624021	1306.082413	-469.034235
1399.000000	1001.399125	7.638009	-1779.658621	1303.053921	-468.966690
1400.000000	1018.325700	7.767114	-1777.211945	1300.537497	-468.907333
1401.000000	1030.375689	7.859023	-1775.319096	1298.587589	-468.872483
1402.000000	1033.293230	7.881276	-1774.028675	1297.272516	-468.874882
1403.000000	1025.625432	7.822792	-1773.386832	1296.648473	-468.915568
1404.000000	1010.076030	7.704191	-1773.423850	1296.738975	-468.980685
1405.000000	992.742733	7.571984	-1774.151142	1297.533635	-469.045523
1406.000000	980.389181	7.477759	-1775.572564	1299.008800	-469.086004
1407.000000	977.122328	7.452842	-1777.698177	1301.155580	-469.089755
1408.000000	982.506855	7.493912	-1780.551716	1303.995697	-469.062107
1409.000000	992.098624	7.567071	-1784.163841	1307.574810	-469.021960
1410.000000	999.843185	7.626142	-1788.558509	1311.940158	-468.992210
1411.000000	1000.798906	7.633431	-1793.738727	1317.115825	-468.989471
1412.000000	992.994157	7.573902	-1799.678039	1323.086266	-469.017871
1413.000000	978.126401	7.460500	-1806.319763	1329.791521	-469.067742
1414.000000	961.149236	7.331010	-1813.582975	1337.133318	-469.118647
1415.000000	948.738663	7.236350	-1821.373817	1344.991289	-469.146178
1416.000000	946.950170	7.222709	-1829.599462	1353.245756	-469.130997
1417.000000	958.877384	7.313682	-1838.179828	1361.799535	-469.066611
1418.000000	983.300577	7.499966	-1847.052732	1370.589742	-468.963024
1419.000000	1014.831433	7.740462	-1856.171341	1379.586418	-468.844461
1420.000000	1045.275994	7.972673	-1865.496165	1388.780519	-468.742972
1421.000000	1065.817322	8.129349	-1874.980810	1398.162238	-468.689223
1422.000000	1069.961912	8.160961	-1884.555137	1407.692347	-468.701829
1423.000000	1056.467361	8.058033	-1894.110132	1417.273985	-468.778114
1424.000000	1030.729707	7.861724	-1903.491971	1426.738763	-468.891485
1425.000000	1003.458550	7.653717	-1912.515141	1435.862019	-468.999405
1426.000000	986.463470	7.524090	-1920.991909	1444.407892	-469.059927
1427.000000	987.590214	7.532684	-1928.765836	1452.183264	-469.049888
1428.000000	1007.480619	7.684395	-1935.736152	1459.077369	-468.974387
1429.000000	1039.687341	7.930047	-1941.863250	1465