0.008063	-0.000000	-0.000000
-0.008063	-0.000000	0.000000
0.008063	-0.000000	0.000000
-0.008063	0.000000	-0.000000
-0.008063	0.000000	-0.000000
0.008063	0.000000	-0.000000
-0.008063	-0.000000	0.000000
0.008063	-0.000000	0.000000
0.008063	-0.000000	0.000000
-0.008063	0.000000	-0.000000
0.008063	0.000000	-0.000000
-0.008063	-0.000000	0.000000
-0.008063	0.000000	-0.000000
0.008063	-0.000000	0.000000
-0.008063	-0.000000	0.000000
0.008063	0.000000	-0.000000
0.008063	0.000000	-0.000000
-0.008063	0.000000	-0.000000
0.008063	-0.000000	0.000000
-0.008063	-0.000000	0.000000
0.005569	-0.000000	-0.000000
-0.005569	-0.000000	0.000000
0.005569	-0.000000	0.000000
-0.005569	0.000000	-0.000000
-0.005569	0.000000	-0.000000
0.005569	0.000000	-0.000000
-0.005569	-0.000000	0.000000
0.005569	-0.000000	0.000000
0.005569	-0.000000	0.000000
-0.005569	0.000000	-0.000000
0.005569	0.000000	-0.000000
-0.005569	-0.000000	0.000000
-0.005569	0.000000	-0.000000
0.005569	-0.000000	0.000000
-0.005569	-0.000000	0.000000
0.005569	0.000000	-0.000000
0.005569	0.000000	-0.000000
-0.005569	0.000000	-0.000000
0.005569	-0.000000	0.000000
-0.005569	-0.000000	0.000000
3.675488	0.000000	-0.000000
-3.675488	0.000000	-0.000000
3.675488	-0.000000	-0.000000
-3.675488	-0.000000	0.000000
-3.675488	-0.000000	0.000000
3.675488	-0.000000	0.000000
-3.675488	0.000000	-0.000000
3.675488	0.000000	-0.000000
3.675488	0.000000	-0.000000
-3.675488	-0.000000	0.000000
3.675488	-0.000000	0.000000
-3.675488	0.000000	-0.000000
-3.675488	-0.000000	0.000000
3.675488	0.000000	-0.000000
-3.675488	0.000000	-0.000000
3.675488	-0.000000	0.000000
3.675488	-0.000000	0.000000
-3.675488	-0.000000	0.000000
3.675488	0.000000	-0.000000
-3.675488	0.000000	-0.000000
2.539641	0.000000	0.000000
-2.539641	0.000000	-0.000000
2.539641	-0.000000	0.000000
-2.539641	-0.000000	0.000000
-2.539641	0.000000	0.000000
2.539641	0.000000	-0.000000
-2.539641	-0.000000	0.000000
2.539641	-0.000000	0.000000
2.539641	0.000000	-0.000000
-2.539641	0.000000	0.000000
2.539641	-0.000000	0.000000
-2.539641	-0.000000	0.000000
-2.539641	-0.000000	0.000000
2.539641	0.000000	-0.000000
-2.539641	0.000000	-0.000000
2.539641	-0.000000	0.000000
2.539641	-0.000000	0.000000
-2.539641	-0.000000	0.000000
2.539641	0.000000	-0.000000
-2.539641	0.000000	-0.000000
2.228618	0.000000	-0.000000
-2.228618	0.000000	-0.000000
2.228618	-0.000000	-0.000000
-2.228618	-0.000000	0.000000
-2.228618	-0.000000	0.000000
2.228618	-0.000000	0.000000
-2.228618	0.000000	-0.000000
2.228618	0.000000	-0.000000
2.228618	0.000000	-0.000000
-2.228618	-0.000000	0.000000
2.228618	-0.000000	0.000000
-2.228618	0.000000	-0.000000
-2.228618	-0.000000	0.000000
2.228618	0.000000	-0.000000
-2.228618	0.000000	-0.000000
2.228618	-0.000000	0.000000
2.228618	-0.000000	0.000000
-2.228618	-0.000000	0.000000
2.228618	0.000000	-0.000000
-2.228618	0.000000	-0.000000
1.865601	0.000000	-0.000000
-1.865601	0.000000	0.000000
1.865601	0.000000	-0.000000
-1.865601	0.000000	0.000000
-1.865601	0.000000	-0.000000
1.865601	-0.000000	0.000000
-1.865601	-0.000000	0.000000
1.865601	-0.000000	-0.000000
1.865601	-0.000000	0.000000
-1.865601	0.000000	-0.000000
1.865601	0.000000	-0.000000
-1.865601	-0.000000	0.000000
-1.865601	-0.000000	0.000000
1.865601	-0.000000	0.000000
-1.865601	-0.000000	0.000000
1.865601	0.000000	-0.000000
1.865601	0.000000	-0.000000
-1.865601	0.000000	-0.000000
1.865601	0.000000	-0.000000
-1.865601	-0.000000	0.000000
1.573029	-0.000000	0.000000
-1.573029	0.000000	-0.000000
1.573029	-0.000000	0.000000
-1.573029	-0.000000	0.000000
-1.573029	-0.000000	0.000000
1.573029	-0.000000	0.000000
-1.573029	0.000000	-0.000000
1.573029	0.000000	-0.000000
1.573029	0.000000	-0.000000
-1.573029	-0.000000	0.000000
1.573029	-0.000000	0.000000
-1.573029	0.000000	-0.000000
-1.573029	0.000000	-0.000000
1.573029	0.000000	-0.000000
-1.573029	0.000000	-0.000000
1.573029	-0.000000	0.000000
1.573029	-0.000000	0.000000
-1.573029	-0.000000	0.000000
1.573029	-0.000000	0.000000
-1.573029	0.000000	-0.000000
1.322777	-0.000000	0.000000
-1.322777	-0.000000	-0.000000
1.322777	0.000000	-0.000000
-1.322777	0.000000	0.000000
-1.322777	-0.000000	-0.000000
1.322777	0.000000	0.000000
-1.322777	-0.000000	0.000000
1.322777	-0.000000	-0.000000
1.322777	0.000000	0.000000
-1.322777	-0.000000	-0.000000
1.322777	0.000000	-0.000000
-1.322777	0.000000	0.000000
-1.322777	-0.000000	-0.000000
1.322777	-0.000000	0.000000
-1.322777	-0.000000	0.000000
1.322777	-0.000000	-0.000000
1.322777	0.000000	0.000000
-1.322777	0.000000	-0.000000
1.322777	-0.000000	-0.000000
-1.322777	-0.000000	0.000000
1.111304	-0.000000	-0.000000
-1.111304	0.000000	0.000000
1.111304	-0.000000	0.000000
-1.111304	-0.000000	-0.000000
-1.111304	0.000000	0.000000
1.111304	-0.000000	-0.000000
-1.111304	0.000000	-0.000000
1.111304	0.000000	0.000000
1.111304	-0.000000	-0.000000
-1.111304	0.000000	0.000000
1.111304	-0.000000	0.000000
-1.111304	-0.000000	-0.000000
-1.111304	0.000000	0.000000
1.111304	0.000000	-0.000000
-1.111304	0.000000	-0.000000
1.111304	-0.000000	0.000000
1.111304	-0.000000	-0.000000
-1.111304	-0.000000	0.000000
1.111304	0.000000	0.000000
-1.111304	0.000000	-0.000000
0.932521	-0.000000	-0.000000
-0.932521	0.000000	-0.000000
0.932521	0.000000	0.000000
-0.932521	0.000000	0.000000
-0.932521	0.000000	-0.000000
0.932521	-0.000000	0.000000
-0.932521	-0.000000	-0.000000
0.932521	-0.000000	-0.000000
0.932521	-0.000000	0.000000
-0.932521	0.000000	-0.000000
0.932521	0.000000	0.000000
-0.932521	0.000000	0.000000
-0.932521	0.000000	-0.000000
0.932521	-0.000000	0.000000
-0.932521	0.000000	0.000000
0.932521	-0.000000	-0.000000
0.932521	-0.000000	0.000000
-0.932521	0.000000	-0.000000
0.932521	-0.000000	-0.000000
-0.932521	0.000000	0.000000
0.781676	-0.000000	-0.000000
-0.781676	0.000000	0.000000
0.781676	0.000000	0.000000
-0.781676	-0.000000	-0.000000
-0.781676	0.000000	0.000000
0.781676	0.000000	0.000000
-0.781676	-0.000000	0.000000
0.781676	0.000000	0.000000
0.781676	-0.000000	-0.000000
-0.781676	-0.000000	-0.000000
0.781676	0.000000	-0.000000
-0.781676	-0.000000	-0.000000
-0.781676	0.000000	0.000000
0.781676	0.000000	0.000000
-0.781676	-0.000000	0.000000
0.781676	0.000000	0.000000
0.781676	-0.000000	-0.000000
-0.781676	-0.000000	-0.000000
0.781676	0.000000	-0.000000
-0.781676	-0.000000	-0.000000
0.654601	-0.000000	0.000000
-0.654601	0.000000	0.000000
0.654601	0.000000	-0.000000
-0.654601	-0.000000	-0.000000
-0.654601	-0.000000	-0.000000
0.654601	-0.000000	-0.000000
-0.654601	-0.000000	-0.000000
0.654601	-0.000000	0.000000
0.654601	0.000000	0.000000
-0.654601	0.000000	0.000000
0.654601	0.000000	0.000000
-0.654601	0.000000	-0.000000
-0.654601	-0.000000	0.000000
0.654601	-0.000000	-0.000000
-0.654601	0.000000	-0.000000
0.654601	-0.000000	0.000000
0.654601	-0.000000	-0.000000
-0.654601	0.000000	0.000000
0.654601	0.000000	0.000000
-0.654601	0.000000	-0.000000
0.547718	0.000000	-0.000000
-0.547718	-0.000000	-0.000000
0.547718	-0.000000	0.000000
-0.547718	-0.000000	0.000000
-0.547718	-0.000000	0.000000
0.547718	0.000000	0.000000
-0.547718	0.000000	0.000000
0.547718	0.000000	-0.000000
0.547718	0.000000	-0.000000
-0.547718	-0.000000	-0.000000
0.547718	-0.000000	-0.000000
-0.547718	-0.000000	0.000000
-0.547718	-0.000000	0.000000
0.547718	0.000000	0.000000
-0.547718	-0.000000	0.000000
0.547718	0.000000	-0.000000
0.547718	0.000000	0.000000
-0.547718	-0.000000	-0.000000
0.547718	0.000000	-0.000000
-0.547718	-0.000000	0.000000
0.457945	-0.000000	0.000000
-0.457945	0.000000	-0.000000
0.457945	-0.000000	0.000000
-0.457945	-0.000000	0.000000
-0.457945	-0.000000	0.000000
0.457945	-0.000000	-0.000000
-0.457945	-0.000000	-0.000000
0.457945	0.000000	0.000000
0.457945	0.000000	-0.000000
-0.457945	0.000000	0.000000
0.457945	0.000000	0.000000
-0.457945	0.000000	-0.000000
-0.457945	-0.000000	0.000000
0.457945	-0.000000	-0.000000
-0.457945	-0.000000	-0.000000
0.457945	-0.000000	0.000000
0.457945	-0.000000	0.000000
-0.457945	0.000000	0.000000
0.457945	0.000000	0.000000
-0.457945	0.000000	-0.000000
0.382638	-0.000000	0.000000
-0.382638	0.000000	-0.000000
0.382638	0.000000	-0.000000
-0.382638	0.000000	0.000000
-0.382638	-0.000000	0.000000
0.382638	-0.000000	0.000000
-0.382638	-0.000000	-0.000000
0.382638	-0.000000	-0.000000
0.382638	0.000000	0.000000
-0.382638	0.000000	0.000000
0.382638	0.000000	0.000000
-0.382638	0.000000	-0.000000
-0.382638	0.000000	-0.000000
0.382638	-0.000000	-0.000000
-0.382638	-0.000000	-0.000000
0.382638	-0.000000	0.000000
0.382638	-0.000000	0.000000
-0.382638	0.000000	0.000000
0.382638	0.000000	-0.000000
-0.382638	0.000000	-0.000000
0.319537	0.000000	-0.000000
-0.319537	0.000000	0.000000
0.319537	-0.000000	0.000000
-0.319537	-0.000000	-0.000000
-0.319537	-0.000000	0.000000
0.319537	0.000000	-0.000000
-0.319537	0.000000	0.000000
0.319537	0.000000	-0.000000
0.319537	0.000000	-0.000000
-0.319537	-0.000000	-0.000000
0.319537	-0.000000	-0.000000
-0.319537	-0.000000	0.000000
-0.319537	-0.000000	0.000000
0.319537	-0.000000	0.000000
-0.319537	0.000000	0.000000
0.319537	0.000000	-0.000000
0.319537	-0.000000	-0.000000
-0.319537	0.000000	-0.000000
0.319537	-0.000000	0.000000
-0.319537	-0.000000	0.000000
0.266714	-0.000000	-0.000000
-0.266714	0.000000	-0.000000
0.266714	0.000000	0.000000
-0.266714	-0.000000	0.000000
-0.266714	-0.000000	0.000000
0.266714	-0.000000	0.000000
-0.266714	-0.000000	-0.000000
0.266714	-0.000000	-0.000000
0.266714	0.000000	-0.000000
-0.266714	-0.000000	0.000000
0.266714	0.000000	0.000000
-0.266714	0.000000	-0.000000
-0.266714	-0.000000	0.000000
0.266714	-0.000000	-0.000000
-0.266714	-0.000000	-0.000000
0.266714	-0.000000	0.000000
0.266714	0.000000	0.000000
-0.266714	0.000000	0.000000
0.266714	0.000000	0.000000
-0.266714	0.000000	-0.000000
0.222534	-0.000000	-0.000000
-0.222534	0.000000	-0.000000
0.222534	-0.000000	0.000000
-0.222534	-0.000000	0.000000
-0.222534	-0.000000	0.000000
0.222534	0.000000	0.000000
-0.222534	-0.000000	-0.000000
0.222534	0.000000	-0.000000
0.222534	0.000000	-0.000000
-0.222534	-0.000000	0.000000
0.222534	0.000000	0.000000
-0.222534	0.000000	-0.000000
-0.222534	-0.000000	0.000000
0.222534	-0.000000	-0.000000
-0.222534	0.000000	-0.000000
0.222534	-0.000000	0.000000
0.222534	0.000000	0.000000
-0.222534	0.000000	-0.000000
0.222534	0.000000	-0.000000
-0.222534	0.000000	-0.000000
0.185608	0.000000	-0.000000
-0.185608	-0.000000	0.000000
0.185608	-0.000000	0.000000
-0.185608	-0.000000	-0.000000
-0.185608	-0.000000	0.000000
0.185608	0.000000	-0.000000
-0.185608	-0.000000	0.000000
0.185608	-0.000000	0.000000
0.185608	0.000000	0.000000
-0.185608	0.000000	0.000000
0.185608	0.000000	-0.000000
-0.185608	0.000000	-0.000000
-0.185608	0.000000	-0.000000
0.185608	-0.000000	0.000000
-0.185608	-0.000000	-0.000000
0.185608	0.000000	-0.000000
0.185608	-0.000000	0.000000
-0.185608	0.000000	-0.000000
0.185608	0.000000	0.000000
-0.185608	-0.000000	0.000000
0.154764	-0.000000	0.000000
-0.154764	-0.000000	-0.000000
0.154764	0.000000	-0.000000
-0.154764	0.000000	0.000000
-0.154764	0.000000	-0.000000
0.154764	0.000000	0.000000
-0.154764	0.000000	0.000000
0.154764	0.000000	-0.000000
0.154764	0.000000	0.000000
-0.154764	-0.000000	-0.000000
0.154764	-0.000000	-0.000000
-0.154764	-0.000000	0.000000
-0.154764	-0.000000	-0.000000
0.154764	0.000000	0.000000
-0.154764	0.000000	0.000000
0.154764	-0.000000	-0.000000
0.154764	0.000000	0.000000
-0.154764	-0.000000	-0.000000
0.154764	-0.000000	-0.000000
-0.154764	0.000000	0.000000
0.129014	0.000000	-0.000000
-0.129014	0.000000	0.000000
0.129014	-0.000000	0.000000
-0.129014	-0.000000	-0.000000
-0.129014	-0.000000	0.000000
0.129014	-0.000000	-0.000000
-0.129014	-0.000000	-0.000000
0.129014	0.000000	0.000000
0.129014	0.000000	-0.000000
-0.129014	0.000000	0.000000
0.129014	0.000000	0.000000
-0.129014	0.000000	-0.000000
-0.129014	-0.000000	0.000000
0.129014	-0.000000	-0.000000
-0.129014	-0.000000	-0.000000
0.129014	-0.000000	0.000000
0.129014	-0.000000	-0.000000
-0.129014	0.000000	0.000000
0.129014	0.000000	0.000000
-0.129014	0.000000	-0.000000
0.107527	-0.000000	0.000000
-0.107527	-0.000000	-0.000000
0.107527	0.000000	0.000000
-0.107527	0.000000	-0.000000
-0.107527	0.000000	-0.000000
0.107527	0.000000	0.000000
-0.107527	0.000000	-0.000000
0.107527	-0.000000	0.000000
0.107527	-0.000000	0.000000
-0.107527	-0.000000	0.000000
0.107527	-0.000000	0.000000
-0.107527	0.000000	-0.000000
-0.107527	0.000000	-0.000000
0.107527	0.000000	-0.000000
-0.107527	0.000000	-0.000000
0.107527	0.000000	0.000000
0.107527	-0.000000	0.000000
-0.107527	-0.000000	0.000000
0.107527	-0.000000	0.000000
-0.107527	-0.000000	-0.000000
0.089602	-0.000000	-0.000000
-0.089602	-0.000000	0.000000
0.089602	0.000000	0.000000
-0.089602	-0.000000	0.000000
-0.089602	-0.000000	0.000000
0.089602	-0.000000	0.000000
-0.089602	-0.000000	-0.000000
0.089602	0.000000	-0.000000
0.089602	0.000000	-0.000000
-0.089602	-0.000000	0.000000
0.089602	0.000000	0.000000
-0.089602	0.000000	-0.000000
-0.089602	-0.000000	0.000000
0.089602	0.000000	-0.000000
-0.089602	0.000000	-0.000000
0.089602	-0.000000	0.000000
0.089602	0.000000	-0.000000
-0.089602	0.000000	0.000000
0.089602	0.000000	-0.000000
-0.089602	0.000000	-0.000000
0.074655	-0.000000	0.000000
-0.074655	-0.000000	0.000000
0.074655	0.000000	0.000000
-0.074655	0.000000	-0.000000
-0.074655	-0.000000	0.000000
0.074655	0.000000	-0.000000
-0.074655	0.000000	-0.000000
0.074655	-0.000000	0.000000
0.074655	0.000000	-0.000000
-0.074655	-0.000000	0.000000
0.074655	-0.000000	0.000000
-0.074655	0.000000	-0.000000
-0.074655	-0.000000	0.000000
0.074655	0.000000	-0.000000
-0.074655	0.000000	-0.000000
0.074655	-0.000000	0.000000
0.074655	0.000000	-0.000000
-0.074655	-0.000000	0.000000
0.074655	-0.000000	0.000000
-0.074655	0.000000	-0.000000
0.062194	-0.000000	0.000000
-0.062194	0.000000	-0.000000
0.062194	0.000000	-0.000000
-0.062194	-0.000000	0.000000
-0.062194	0.000000	-0.000000
0.062194	-0.000000	0.000000
-0.062194	-0.000000	0.000000
0.062194	0.000000	-0.000000
0.062194	-0.000000	0.000000
-0.062194	0.000000	-0.000000
0.062194	0.000000	-0.000000
-0.062194	-0.000000	0.000000
-0.062194	0.000000	-0.000000
0.062194	-0.000000	0.000000
-0.062194	-0.000000	0.000000
0.062194	0.000000	-0.000000
0.062194	-0.000000	0.000000
-0.062194	0.000000	-0.000000
0.062194	0.000000	-0.000000
-0.062194	-0.000000	0.000000
0.051807	-0.000000	-0.000000
-0.051807	-0.000000	0.000000
0.051807	0.000000	-0.000000
-0.051807	0.000000	-0.000000
-0.051807	-0.000000	0.000000
0.051807	0.000000	-0.000000
-0.051807	0.000000	-0.000000
0.051807	-0.000000	0.000000
0.051807	0.000000	-0.000000
-0.051807	-0.000000	0.000000
0.051807	-0.000000	0.000000
-0.051807	0.000000	-0.000000
-0.051807	-0.000000	0.000000
0.051807	0.000000	-0.000000
-0.051807	0.000000	-0.000000
0.051807	-0.000000	0.000000
0.051807	0.000000	-0.000000
-0.051807	-0.000000	0.000000
0.051807	-0.000000	0.000000
-0.051807	0.000000	-0.000000
0.043151	-0.000000	0.000000
-0.043151	0.000000	-0.000000
0.043151	0.000000	-0.000000
-0.043151	-0.000000	0.000000
-0.043151	0.000000	-0.000000
0.043151	-0.000000	0.000000
-0.043151	-0.000000	-0.000000
0.043151	0.000000	-0.000000
0.043151	-0.000000	0.000000
-0.043151	0.000000	-0.000000
0.043151	0.000000	-0.000000
-0.043151	-0.000000	0.000000
-0.043151	0.000000	-0.000000
0.043151	-0.000000	0.000000
-0.043151	-0.000000	0.000000
0.043151	0.000000	-0.000000
0.043151	-0.000000	0.000000
-0.043151	0.000000	-0.000000
0.043151	0.000000	-0.000000
-0.043151	-0.000000	0.000000
0.035939	-0.000000	0.000000
-0.035939	0.000000	-0.000000
0.035939	-0.000000	0.000000
-0.035939	-0.000000	0.000000
-0.035939	0.000000	0.000000
0.035939	-0.000000	0.000000
-0.035939	0.000000	-0.000000
0.035939	0.000000	-0.000000
0.035939	0.000000	-0.000000
-0.035939	-0.000000	0.000000
0.035939	-0.000000	0.000000
-0.035939	0.000000	-0.000000
-0.035939	-0.000000	0.000000
0.035939	0.000000	-0.000000
-0.035939	0.000000	-0.000000
0.035939	-0.000000	0.000000
0.035939	0.000000	-0.000000
-0.035939	-0.000000	0.000000
0.035939	-0.000000	0.000000
-0.035939	0.000000	-0.000000
0.029931	-0.000000	0.000000
-0.029931	0.000000	-0.000000
0.029931	0.000000	0.000000
-0.029931	-0.000000	0.000000
-0.029931	0.000000	0.000000
0.029931	-0.000000	0.000000
-0.029931	-0.000000	-0.000000
0.029931	0.000000	-0.000000
0.029931	0.000000	-0.000000
-0.029931	0.000000	0.000000
0.029931	-0.000000	0.000000
-0.029931	-0.000000	0.000000
-0.029931	-0.000000	0.000000
0.029931	0.000000	-0.000000
-0.029931	0.000000	-0.000000
0.029931	-0.000000	0.000000
0.029931	-0.000000	-0.000000
-0.029931	0.000000	0.000000
0.029931	0.000000	-0.000000
-0.029931	0.000000	-0.000000
0.024926	-0.000000	0.000000
-0.024926	0.000000	-0.000000
0.024926	-0.000000	-0.000000
-0.024926	-0.000000	0.000000
-0.024926	-0.000000	0.000000
0.024926	-0.000000	0.000000
-0.024926	0.000000	-0.000000
0.024926	0.000000	-0.000000
0.024926	0.000000	-0.000000
-0.024926	-0.000000	0.000000
0.024926	-0.000000	0.000000
-0.024926	-0.000000	-0.000000
-0.024926	-0.000000	0.000000
0.024926	0.000000	-0.000000
-0.024926	-0.000000	-0.000000
0.024926	-0.000000	0.000000
0.024926	-0.000000	0.000000
-0.024926	-0.000000	0.000000
0.024926	0.000000	-0.000000
-0.024926	0.000000	-0.000000
0.020757	-0.000000	0.000000
-0.020757	-0.000000	0.000000
0.020757	0.000000	-0.000000
-0.020757	0.000000	-0.000000
-0.020757	0.000000	-0.000000
0.020757	-0.000000	-0.000000
-0.020757	-0.000000	0.000000
0.020757	-0.000000	0.000000
0.020757	-0.000000	0.000000
-0.020757	0.000000	-0.000000
0.020757	0.000000	-0.000000
-0.020757	0.000000	0.000000
-0.020757	0.000000	-0.000000
0.020757	-0.000000	0.000000
-0.020757	-0.000000	0.000000
0.020757	0.000000	-0.000000
0.020757	0.000000	-0.000000
-0.020757	0.000000	-0.000000
0.020757	-0.000000	0.000000
-0.020757	-0.000000	0.000000
0.017284	-0.000000	0.000000
-0.017284	0.000000	-0.000000
0.017284	-0.000000	0.000000
-0.017284	-0.000000	0.000000
-0.017284	0.000000	0.000000
0.017284	-0.000000	0.000000
-0.017284	-0.000000	-0.000000
0.017284	0.000000	-0.000000
0.017284	0.000000	-0.000000
-0.017284	0.000000	0.000000
0.017284	-0.000000	0.000000
-0.017284	-0.000000	0.000000
-0.017284	-0.000000	0.000000
0.017284	0.000000	-0.000000
-0.017284	0.000000	-0.000000
0.017284	-0.000000	0.000000
0.017284	-0.000000	0.000000
-0.017284	-0.000000	0.000000
0.017284	0.000000	-0.000000
-0.017284	0.000000	-0.000000
0.014393	-0.000000	0.000000
-0.014393	0.000000	-0.000000
0.014393	0.000000	0.000000
-0.014393	-0.000000	0.000000
-0.014393	0.000000	0.000000
0.014393	-0.000000	0.000000
-0.014393	-0.000000	-0.000000
0.014393	0.000000	-0.000000
0.014393	-0.000000	-0.000000
-0.014393	0.000000	0.000000
0.014393	-0.000000	0.000000
-0.014393	-0.000000	0.000000
-0.014393	-0.000000	0.000000
0.014393	-0.000000	-0.000000
-0.014393	0.000000	-0.000000
0.014393	0.000000	0.000000
0.014393	0.000000	-0.000000
-0.014393	0.000000	0.000000
0.014393	0.000000	0.000000
-0.014393	-0.000000	-0.000000
0.011984	0.000000	-0.000000
-0.011984	-0.000000	-0.000000
0.011984	0.000000	0.000000
-0.011984	-0.000000	0.000000
-0.011984	0.000000	-0.000000
0.011984	-0.000000	0.000000
-0.011984	0.000000	-0.000000
0.011984	-0.000000	0.000000
0.011984	-0.000000	0.000000
-0.011984	0.000000	-0.000000
0.011984	-0.000000	0.000000
-0.011984	0.000000	-0.000000
-0.011984	-0.000000	0.000000
0.011984	0.000000	-0.000000
-0.011984	-0.000000	0.000000
0.011984	0.000000	-0.000000
0.011984	0.000000	-0.000000
-0.011984	-0.000000	0.000000
0.011984	0.000000	-0.000000
-0.011984	-0.000000	0.000000
0.009979	-0.000000	0.000000
-0.009979	0.000000	0.000000
0.009979	0.000000	-0.000000
-0.009979	0.000000	-0.000000
-0.009979	-0.000000	0.000000
0.009979	0.000000	-0.000000
-0.009979	-0.000000	0.000000
0.009979	0.000000	-0.000000
0.009979	0.000000	-0.000000
-0.009979	-0.000000	0.000000
0.009979	0.000000	-0.000000
-0.009979	-0.000000	0.000000
-0.009979	-0.000000	-0.000000
0.009979	-0.000000	0.000000
-0.009979	-0.000000	-0.000000
0.009979	-0.000000	0.000000
0.009979	-0.000000	0.000000
-0.009979	0.000000	-0.000000
0.009979	-0.000000	0.000000
-0.009979	0.000000	-0.000000
0.008309	-0.000000	0.000000
-0.008309	-0.000000	0.000000
0.008309	0.000000	0.000000
-0.008309	-0.000000	0.000000
-0.008309	0.000000	-0.000000
0.008309	-0.000000	0.000000
-0.008309	0.000000	-0.000000
0.008309	-0.000000	0.000000
0.008309	-0.000000	-0.000000
-0.008309	0.000000	0.000000
0.008309	-0.000000	0.000000
-0.008309	0.000000	-0.000000
-0.008309	-0.000000	0.000000
0.008309	0.000000	-0.000000
-0.008309	0.000000	-0.000000
0.008309	0.000000	0.000000
0.008309	0.000000	-0.000000
-0.008309	-0.000000	0.000000
0.008309	-0.000000	0.000000
-0.008309	-0.000000	0.000000
0.006918	-0.000000	0.000000
-0.006918	0.000000	0.000000
0.006918	0.000000	-0.000000
-0.006918	-0.000000	-0.000000
-0.006918	0.000000	0.000000
0.006918	-0.000000	-0.000000
-0.006918	-0.000000	-0.000000
0.006918	0.000000	0.000000
0.006918	-0.000000	-0.000000
-0.006918	0.000000	0.000000
0.006918	0.000000	0.000000
-0.006918	-0.000000	-0.000000
-0.006918	0.000000	0.000000
0.006918	-0.000000	-0.000000
-0.006918	-0.000000	-0.000000
0.006918	0.000000	0.000000
0.006918	-0.000000	-0.000000
-0.006918	0.000000	-0.000000
0.006918	0.000000	0.000000
-0.006918	-0.000000	-0.000000
0.005760	-0.000000	-0.000000
-0.005760	-0.000000	-0.000000
0.005760	-0.000000	-0.000000
-0.005760	-0.000000	-0.000000
-0.005760	-0.000000	0.000000
0.005760	0.000000	-0.000000
-0.005760	-0.000000	0.000000
0.005760	0.000000	0.000000
0.005760	0.000000	-0.000000
-0.005760	0.000000	-0.000000
0.005760	0.000000	-0.000000
-0.005760	0.000000	-0.000000
-0.005760	-0.000000	0.000000
0.005760	-0.000000	0.000000
-0.005760	-0.000000	0.000000
0.005760	-0.000000	0.000000
0.005760	-0.000000	0.000000
-0.005760	0.000000	-0.000000
0.005760	-0.000000	0.000000
-0.005760	0.000000	-0.000000
0.004796	-0.000000	0.000000
-0.004796	0.000000	-0.000000
0.004796	-0.000000	0.000000
-0.004796	-0.000000	0.000000
-0.004796	0.000000	-0.000000
0.004796	0.000000	-0.000000
-0.004796	0.000000	-0.000000
0.004796	0.000000	-0.000000
0.004796	-0.000000	0.000000
-0.004796	-0.000000	0.000000
0.004796	-0.000000	0.000000
-0.004796	-0.000000	0.000000
-0.004796	0.000000	-0.000000
0.004796	0.000000	-0.000000
-0.004796	0.000000	-0.000000
0.004796	0.000000	-0.000000
0.004796	-0.000000	0.000000
-0.004796	-0.000000	0.000000
0.004796	-0.000000	-0.000000
-0.004796	-0.000000	0.000000
0.003993	-0.000000	0.000000
-0.003993	-0.000000	0.000000
0.003993	0.000000	-0.000000
-0.003993	-0.000000	0.000000
-0.003993	-0.000000	0.000000
0.003993	0.000000	-0.000000
-0.003993	-0.000000	0.000000
0.003993	0.000000	-0.000000
0.003993	0.000000	-0.000000
-0.003993	-0.000000	0.000000
0.003993	0.000000	-0.000000
-0.003993	-0.000000	0.000000
-0.003993	0.000000	-0.000000
0.003993	-0.000000	0.000000
-0.003993	0.000000	-0.000000
0.003993	-0.000000	0.000000
0.003993	-0.000000	0.000000
-0.003993	0.000000	-0.000000
0.003993	-0.000000	0.000000
-0.003993	0.000000	-0.000000
0.003325	-0.000000	0.000000
-0.003325	0.000000	-0.000000
0.003325	-0.000000	0.000000
-0.003325	0.000000	0.000000
-0.003325	0.000000	-0.000000
0.003325	-0.000000	0.000000
-0.003325	0.000000	-0.000000
0.003325	-0.000000	0.000000
0.003325	-0.000000	0.000000
-0.003325	0.000000	-0.000000
0.003325	-0.000000	0.000000
-0.003325	0.000000	-0.000000
-0.003325	-0.000000	0.000000
0.003325	0.000000	-0.000000
-0.003325	-0.000000	0.000000
0.003325	0.000000	-0.000000
0.003325	0.000000	-0.000000
-0.003325	-0.000000	0.000000
0.003325	0.000000	-0.000000
-0.003325	-0.000000	0.000000
0.002768	-0.000000	0.000000
-0.002768	0.000000	-0.000000
0.002768	0.000000	-0.000000
-0.002768	-0.000000	0.000000
-0.002768	0.000000	0.000000
0.002768	0.000000	-0.000000
-0.002768	-0.000000	0.000000
0.002768	0.000000	-0.000000
0.002768	-0.000000	-0.000000
-0.002768	0.000000	0.000000
0.002768	0.000000	0.000000
-0.002768	-0.000000	0.000000
-0.002768	0.000000	0.000000
0.002768	-0.000000	0.000000
-0.002768	0.000000	-0.000000
0.002768	0.000000	0.000000
0.002768	-0.000000	0.000000
-0.002768	0.000000	-0.000000
0.002768	-0.000000	0.000000
-0.002768	-0.000000	-0.000000
0.002305	0.000000	-0.000000
-0.002305	-0.000000	0.000000
0.002305	0.000000	-0.000000
-0.002305	0.000000	-0.000000
-0.002305	-0.000000	0.000000
0.002305	0.000000	-0.000000
-0.002305	-0.000000	0.000000
0.002305	-0.000000	0.000000
0.002305	0.000000	-0.000000
-0.002305	-0.000000	0.000000
0.002305	0.000000	-0.000000
-0.002305	-0.000000	0.000000
-0.002305	-0.000000	0.000000
0.002305	0.000000	-0.000000
-0.002305	-0.000000	0.000000
0.002305	0.000000	-0.000000
0.002305	0.000000	-0.000000
-0.002305	-0.000000	0.000000
0.002305	-0.000000	0.000000
-0.002305	-0.000000	0.000000
0.001919	-0.000000	0.000000
-0.001919	0.000000	-0.000000
0.001919	-0.000000	0.000000
-0.001919	-0.000000	0.000000
-0.001919	0.000000	-0.000000
0.001919	-0.000000	0.000000
-0.001919	0.000000	-0.000000
0.001919	-0.000000	-0.000000
0.001919	-0.000000	0.000000
-0.001919	0.000000	-0.000000
0.001919	-0.000000	0.000000
-0.001919	0.000000	-0.000000
-0.001919	0.000000	-0.000000
0.001919	-0.000000	0.000000
-0.001919	0.000000	-0.000000
0.001919	-0.000000	0.000000
0.001919	-0.000000	0.000000
-0.001919	0.000000	-0.000000
0.001919	0.000000	-0.000000
-0.001919	0.000000	-0.000000
0.001598	-0.000000	0.000000
-0.001598	-0.000000	0.000000
0.001598	0.000000	-0.000000
-0.001598	-0.000000	0.000000
-0.001598	0.000000	0.000000
0.001598	0.000000	-0.000000
-0.001598	-0.000000	0.000000
0.001598	0.000000	-0.000000
0.001598	0.000000	-0.000000
-0.001598	-0.000000	0.000000
0.001598	0.000000	0.000000
-0.001598	-0.000000	0.000000
-0.001598	-0.000000	0.000000
0.001598	-0.000000	-0.000000
-0.001598	0.000000	-0.000000
0.001598	0.000000	-0.000000
0.001598	0.000000	-0.000000
-0.001598	0.000000	0.000000
0.001598	-0.000000	0.000000
-0.001598	-0.000000	0.000000
0.001330	-0.000000	0.000000
-0.001330	0.000000	-0.000000
0.001330	-0.000000	0.000000
-0.001330	-0.000000	0.000000
-0.001330	0.000000	-0.000000
0.001330	-0.000000	0.000000
-0.001330	0.000000	-0.000000
0.001330	0.000000	-0.000000
0.001330	-0.000000	-0.000000
-0.001330	0.000000	-0.000000
0.001330	-0.000000	0.000000
-0.001330	-0.000000	0.000000
-0.001330	0.000000	0.000000
0.001330	-0.000000	0.000000
-0.001330	0.000000	-0.000000
0.001330	0.000000	0.000000
0.001330	-0.000000	0.000000
-0.001330	0.000000	-0.000000
0.001330	-0.000000	0.000000
-0.001330	0.000000	-0.000000
0.001107	-0.000000	0.000000
-0.001107	0.000000	-0.000000
0.001107	-0.000000	0.000000
-0.001107	-0.000000	0.000000
-0.001107	0.000000	-0.000000
0.001107	-0.000000	0.000000
-0.001107	-0.000000	-0.000000
0.001107	0.000000	-0.000000
0.001107	-0.000000	-0.000000
-0.001107	0.000000	-0.000000
0.001107	0.000000	0.000000
-0.001107	-0.000000	0.000000
-0.001107	0.000000	0.000000
0.001107	-0.000000	0.000000
-0.001107	0.000000	-0.000000
0.001107	0.000000	0.000000
0.001107	-0.000000	0.000000
-0.001107	0.000000	-0.000000
0.001107	-0.000000	0.000000
-0.001107	0.000000	-0.000000
0.000922	-0.000000	0.000000
-0.000922	0.000000	-0.000000
0.000922	-0.000000	0.000000
-0.000922	-0.000000	0.000000
-0.000922	0.000000	-0.000000
0.000922	-0.000000	0.000000
-0.000922	-0.000000	-0.000000
0.000922	0.000000	-0.000000
0.000922	-0.000000	-0.000000
-0.000922	0.000000	-0.000000
0.000922	0.000000	0.000000
-0.000922	-0.000000	0.000000
-0.000922	0.000000	0.000000
0.000922	-0.000000	0.000000
-0.000922	0.000000	-0.000000
0.000922	0.000000	0.000000
0.000922	-0.000000	0.000000
-0.000922	0.000000	-0.000000
0.000922	0.000000	0.000000
-0.000922	0.000000	-0.000000
0.000768	0.000000	-0.000000
-0.000768	-0.000000	0.000000
0.000768	0.000000	-0.000000
-0.000768	-0.000000	0.000000
-0.000768	-0.000000	0.000000
0.000768	0.000000	-0.000000
-0.000768	-0.000000	0.000000
0.000768	0.000000	-0.000000
0.000768	0.000000	-0.000000
-0.000768	-0.000000	0.000000
0.000768	0.000000	-0.000000
-0.000768	-0.000000	0.000000
-0.000768	-0.000000	0.000000
0.000768	0.000000	-0.000000
-0.000768	-0.000000	0.000000
0.000768	0.000000	-0.000000
0.000768	0.000000	-0.000000
-0.000768	-0.000000	0.000000
0.000768	0.000000	-0.000000
-0.000768	-0.000000	0.000000
0.000639	-0.000000	0.000000
-0.000639	0.000000	-0.000000
0.000639	-0.000000	0.000000
-0.000639	-0.000000	0.000000
-0.000639	0.000000	-0.000000
0.000639	-0.000000	0.000000
-0.000639	-0.000000	0.000000
0.000639	0.000000	-0.000000
0.000639	-0.000000	0.000000
-0.000639	0.000000	-0.000000
0.000639	0.000000	-0.000000
-0.000639	-0.000000	0.000000
-0.000639	0.000000	-0.000000
0.000639	-0.000000	0.000000
-0.000639	-0.000000	0.000000
0.000639	0.000000	-0.000000
0.000639	-0.000000	0.000000
-0.000639	0.000000	-0.000000
0.000639	0.000000	-0.000000
-0.000639	-0.000000	0.000000
0.000532	-0.000000	0.000000
-0.000532	-0.000000	0.000000
0.000532	-0.000000	0.000000
-0.000532	0.000000	-0.000000
-0.000532	0.000000	0.000000
0.000532	0.000000	-0.000000
-0.000532	0.000000	-0.000000
0.000532	-0.000000	0.000000
0.000532	0.000000	-0.000000
-0.000532	-0.000000	0.000000
0.000532	-0.000000	0.000000
-0.000532	0.000000	-0.000000
-0.000532	-0.000000	0.000000
0.000532	0.000000	-0.000000
-0.000532	0.000000	-0.000000
0.000532	-0.000000	0.000000
0.000532	0.000000	-0.000000
-0.000532	-0.000000	0.000000
0.000532	-0.000000	0.000000
-0.000532	0.000000	-0.000000
0.000443	-0.000000	0.000000
-0.000443	0.000000	-0.000000
0.000443	-0.000000	0.000000
-0.000443	-0.000000	0.000000
-0.000443	0.000000	-0.000000
0.000443	-0.000000	0.000000
-0.000443	0.000000	-0.000000
0.000443	0.000000	-0.000000
0.000443	-0.000000	0.000000
-0.000443	0.000000	-0.000000
0.000443	-0.000000	0.000000
-0.000443	-0.000000	0.000000
-0.000443	0.000000	-0.000000
0.000443	-0.000000	0.000000
-0.000443	0.000000	-0.000000
0.000443	-0.000000	0.000000
0.000443	-0.000000	0.000000
-0.000443	0.000000	-0.000000
0.000443	-0.000000	0.000000
-0.000443	0.000000	-0.000000
0.000369	-0.000000	0.000000
-0.000369	0.000000	-0.000000
0.000369	-0.000000	0.000000
-0.000369	-0.000000	0.000000
-0.000369	0.000000	-0.000000
0.000369	-0.000000	0.000000
-0.000369	0.000000	-0.000000
0.000369	0.000000	-0.000000
0.000369	-0.000000	0.000000
-0.000369	0.000000	-0.000000
0.000369	-0.000000	0.000000
-0.000369	-0.000000	-0.000000
-0.000369	0.000000	0.000000
0.000369	-0.000000	0.000000
-0.000369	0.000000	-0.000000
0.000369	-0.000000	0.000000
0.000369	-0.000000	0.000000
-0.000369	0.000000	-0.000000
0.000369	-0.000000	0.000000
-0.000369	0.000000	-0.000000
0.000307	-0.000000	0.000000
-0.000307	0.000000	-0.000000
0.000307	-0.000000	0.000000
-0.000307	-0.000000	0.000000
-0.000307	0.000000	-0.000000
0.000307	-0.000000	0.000000
-0.000307	0.000000	-0.000000
0.000307	0.000000	-0.000000
0.000307	-0.000000	-0.000000
-0.000307	0.000000	-0.000000
0.000307	-0.000000	0.000000
-0.000307	-0.000000	0.000000
-0.000307	0.000000	0.000000
0.000307	-0.000000	0.000000
-0.000307	0.000000	-0.000000
0.000307	-0.000000	0.000000
0.000307	-0.000000	0.000000
-0.000307	0.000000	-0.000000
0.000307	-0.000000	0.000000
-0.000307	0.000000	-0.000000
0.000256	-0.000000	0.000000
-0.000256	0.000000	-0.000000
0.000256	-0.000000	0.000000
-0.000256	-0.000000	0.000000
-0.000256	0.000000	-0.000000
0.000256	-0.000000	0.000000
-0.000256	0.000000	-0.000000
0.000256	0.000000	-0.000000
0.000256	-0.000000	-0.000000
-0.000256	0.000000	-0.000000
0.000256	-0.000000	0.000000
-0.000256	-0.000000	0.000000
-0.000256	0.000000	0.000000
0.000256	-0.000000	0.000000
-0.000256	0.000000	-0.000000
0.000256	-0.000000	0.000000
0.000256	-0.000000	0.000000
-0.000256	0.000000	-0.000000
0.000256	-0.000000	0.000000
-0.000256	0.000000	-0.000000
0.000213	-0.000000	0.000000
-0.000213	0.000000	-0.000000
0.000213	-0.000000	0.000000
-0.000213	0.000000	-0.000000
-0.000213	-0.000000	-0.000000
0.000213	-0.000000	0.000000
-0.000213	0.000000	0.000000
0.000213	-0.000000	0.000000
0.000213	0.000000	0.000000
-0.000213	0.000000	-0.000000
0.000213	-0.000000	0.000000
-0.000213	0.000000	0.000000
-0.000213	0.000000	-0.000000
0.000213	-0.000000	0.000000
-0.000213	0.000000	-0.000000
0.000213	-0.000000	-0.000000
0.000213	-0.000000	0.000000
-0.000213	0.000000	-0.000000
0.000213	-0.000000	0.000000
-0.000213	0.000000	0.000000
0.000177	-0.000000	0.000000
-0.000177	-0.000000	0.000000
0.000177	0.000000	0.000000
-0.000177	-0.000000	0.000000
-0.000177	0.000000	0.000000
0.000177	0.000000	-0.000000
-0.000177	-0.000000	-0.000000
0.000177	0.000000	-0.000000
0.000177	-0.000000	-0.000000
-0.000177	-0.000000	0.000000
0.000177	0.000000	0.000000
-0.000177	-0.000000	0.000000
-0.000177	0.000000	0.000000
0.000177	0.000000	-0.000000
-0.000177	-0.000000	-0.000000
0.000177	0.000000	0.000000
0.000177	0.000000	-0.000000
-0.000177	0.000000	0.000000
0.000177	0.000000	-0.000000
-0.000177	-0.000000	-0.000000
0.000148	-0.000000	0.000000
-0.000148	0.000000	-0.000000
0.000148	-0.000000	0.000000
-0.000148	-0.000000	0.000000
-0.000148	0.000000	-0.000000
0.000148	-0.000000	0.000000
-0.000148	-0.000000	-0.000000
0.000148	0.000000	-0.000000
0.000148	-0.000000	0.000000
-0.000148	0.000000	-0.000000
0.000148	0.000000	0.000000
-0.000148	-0.000000	0.000000
-0.000148	0.000000	-0.000000
0.000148	-0.000000	0.000000
-0.000148	-0.000000	-0.000000
0.000148	0.000000	-0.000000
0.000148	-0.000000	0.000000
-0.000148	0.000000	-0.000000
0.000148	0.000000	-0.000000
-0.000148	0.000000	-0.000000
0.000123	-0.000000	0.000000
-0.000123	0.000000	-0.000000
0.000123	-0.000000	0.000000
-0.000123	-0.000000	0.000000
-0.000123	0.000000	-0.000000
0.000123	-0.000000	0.000000
-0.000123	-0.000000	-0.000000
0.000123	0.000000	-0.000000
0.000123	-0.000000	-0.000000
-0.000123	0.000000	-0.000000
0.000123	-0.000000	0.000000
-0.000123	-0.000000	-0.000000
-0.000123	0.000000	0.000000
0.000123	-0.000000	-0.000000
-0.000123	0.000000	-0.000000
0.000123	0.000000	0.000000
0.000123	-0.000000	-0.000000
-0.000123	0.000000	-0.000000
0.000123	0.000000	0.000000
-0.000123	-0.000000	-0.000000
0.000102	-0.000000	0.000000
-0.000102	-0.000000	0.000000
0.000102	-0.000000	0.000000
-0.000102	0.000000	-0.000000
-0.000102	0.000000	0.000000
0.000102	0.000000	-0.000000
-0.000102	0.000000	-0.000000
0.000102	-0.000000	0.000000
0.000102	0.000000	-0.000000
-0.000102	-0.000000	0.000000
0.000102	-0.000000	0.000000
-0.000102	0.000000	-0.000000
-0.000102	-0.000000	0.000000
0.000102	0.000000	-0.000000
-0.000102	0.000000	-0.000000
0.000102	-0.000000	0.000000
0.000102	0.000000	-0.000000
-0.000102	0.000000	0.000000
0.000102	-0.000000	0.000000
-0.000102	0.000000	-0.000000
0.000085	-0.000000	0.000000
-0.000085	-0.000000	0.000000
0.000085	-0.000000	0.000000
-0.000085	0.000000	-0.000000
-0.000085	-0.000000	0.000000
0.000085	0.000000	-0.000000
-0.000085	0.000000	-0.000000
0.000085	-0.000000	0.000000
0.000085	0.000000	-0.000000
-0.000085	-0.000000	0.000000
0.000085	-0.000000	0.000000
-0.000085	0.000000	-0.000000
-0.000085	-0.000000	0.000000
0.000085	0.000000	-0.000000
-0.000085	0.000000	-0.000000
0.000085	-0.000000	0.000000
0.000085	0.000000	-0.000000
-0.000085	-0.000000	0.000000
0.000085	-0.000000	0.000000
-0.000085	0.000000	-0.000000
0.000071	-0.000000	0.000000
-0.000071	0.000000	-0.000000
0.000071	0.000000	-0.000000
-0.000071	-0.000000	0.000000
-0.000071	0.000000	-0.000000
0.000071	-0.000000	0.000000
-0.000071	-0.000000	0.000000
0.000071	0.000000	-0.000000
0.000071	-0.000000	0.000000
-0.000071	0.000000	-0.000000
0.000071	0.000000	-0.000000
-0.000071	-0.000000	0.000000
-0.000071	0.000000	-0.000000
0.000071	-0.000000	0.000000
-0.000071	-0.000000	0.000000
0.000071	0.000000	-0.000000
0.000071	-0.000000	0.000000
-0.000071	0.000000	-0.000000
0.000071	0.000000	-0.000000
-0.000071	-0.000000	0.000000
0.000059	-0.000000	0.000000
-0.000059	0.000000	0.000000
0.000059	0.000000	-0.000000
-0.000059	-0.000000	-0.000000
-0.000059	-0.000000	0.000000
0.000059	-0.000000	-0.000000
-0.000059	-0.000000	0.000000
0.000059	-0.000000	0.000000
0.000059	-0.000000	-0.000000
-0.000059	0.000000	0.000000
0.000059	0.000000	-0.000000
-0.000059	0.000000	-0.000000
-0.000059	0.000000	0.000000
0.000059	-0.000000	-0.000000
-0.000059	-0.000000	0.000000
0.000059	-0.000000	0.000000
0.000059	-0.000000	-0.000000
-0.000059	0.000000	-0.000000
0.000059	0.000000	-0.000000
-0.000059	0.000000	-0.000000
0.000049	0.000000	-0.000000
-0.000049	-0.000000	-0.000000
0.000049	-0.000000	0.000000
-0.000049	0.000000	0.000000
-0.000049	0.000000	-0.000000
0.000049	0.000000	0.000000
-0.000049	0.000000	-0.000000
0.000049	0.000000	-0.000000
0.000049	0.000000	0.000000
-0.000049	-0.000000	-0.000000
0.000049	-0.000000	0.000000
-0.000049	-0.000000	0.000000
-0.000049	-0.000000	-0.000000
0.000049	0.000000	0.000000
-0.000049	0.000000	-0.000000
0.000049	0.000000	-0.000000
0.000049	0.000000	0.000000
-0.000049	-0.000000	-0.000000
0.000049	-0.000000	0.000000
-0.000049	-0.000000	0.000000
0.000041	-0.000000	0.000000
-0.000041	0.000000	-0.000000
0.000041	-0.000000	0.000000
-0.000041	-0.000000	0.000000
-0.000041	0.000000	-0.000000
0.000041	-0.000000	0.000000
-0.000041	-0.000000	-0.000000
0.000041	0.000000	-0.000000
0.000041	-0.000000	-0.000000
-0.000041	0.000000	-0.000000
0.000041	0.000000	0.000000
-0.000041	-0.000000	-0.000000
-0.000041	0.000000	0.000000
0.000041	-0.000000	0.000000
-0.000041	-0.000000	-0.000000
0.000041	-0.000000	0.000000
0.000041	-0.000000	0.000000
-0.000041	0.000000	-0.000000
0.000041	0.000000	-0.000000
-0.000041	0.000000	-0.000000
0.000034	-0.000000	0.000000
-0.000034	-0.000000	-0.000000
0.000034	-0.000000	0.000000
-0.000034	0.000000	0.000000
-0.000034	-0.000000	-0.000000
0.000034	0.000000	0.000000
-0.000034	0.000000	0.000000
0.000034	-0.000000	-0.000000
0.000034	0.000000	0.000000
-0.000034	-0.000000	-0.000000
0.000034	-0.000000	-0.000000
-0.000034	0.000000	0.000000
-0.000034	-0.000000	-0.000000
0.000034	0.000000	0.000000
-0.000034	0.000000	0.000000
0.000034	-0.000000	-0.000000
0.000034	0.000000	0.000000
-0.000034	-0.000000	-0.000000
0.000034	-0.000000	-0.000000
-0.000034	0.000000	0.000000
0.000028	-0.000000	0.000000
-0.000028	0.000000	0.000000
0.000028	0.000000	0.000000
-0.000028	-0.000000	-0.000000
-0.000028	0.000000	0.000000
0.000028	-0.000000	-0.000000
-0.000028	-0.000000	-0.000000
0.000028	0.000000	0.000000
0.000028	-0.000000	-0.000000
-0.000028	0.000000	0.000000
0.000028	0.000000	0.000000
-0.000028	-0.000000	-0.000000
-0.000028	0.000000	0.000000
0.000028	-0.000000	-0.000000
-0.000028	-0.000000	-0.000000
0.000028	0.000000	0.000000
0.000028	-0.000000	-0.000000
-0.000028	0.000000	0.000000
0.000028	0.000000	0.000000
-0.000028	-0.000000	-0.000000
0.000024	-0.000000	0.000000
-0.000024	-0.000000	0.000000
0.000024	-0.000000	0.000000
-0.000024	0.000000	-0.000000
-0.000024	-0.000000	0.000000
0.000024	0.000000	-0.000000
-0.000024	0.000000	-0.000000
0.000024	-0.000000	0.000000
0.000024	0.000000	-0.000000
-0.000024	-0.000000	0.000000
0.000024	-0.000000	0.000000
-0.000024	0.000000	-0.000000
-0.000024	-0.000000	0.000000
0.000024	0.000000	-0.000000
-0.000024	0.000000	-0.000000
0.000024	-0.000000	0.000000
0.000024	0.000000	-0.000000
-0.000024	-0.000000	0.000000
0.000024	-0.000000	0.000000
-0.000024	0.000000	-0.000000
0.000020	-0.000000	0.000000
-0.000020	0.000000	-0.000000
0.000020	-0.000000	0.000000
-0.000020	-0.000000	0.000000
-0.000020	0.000000	-0.000000
0.000020	-0.000000	0.000000
-0.000020	-0.000000	-0.000000
0.000020	0.000000	-0.000000
0.000020	-0.000000	0.000000
-0.000020	0.000000	-0.000000
0.000020	0.000000	-0.000000
-0.000020	-0.000000	0.000000
-0.000020	0.000000	-0.000000
0.000020	-0.000000	0.000000
-0.000020	-0.000000	0.000000
0.000020	0.000000	-0.000000
0.000020	-0.000000	0.000000
-0.000020	0.000000	-0.000000
0.000020	0.000000	-0.000000
-0.000020	-0.000000	0.000000
0.000016	-0.000000	0.000000
-0.000016	0.000000	-0.000000
0.000016	-0.000000	0.000000
-0.000016	-0.000000	0.000000
-0.000016	0.000000	-0.000000
0.000016	-0.000000	0.000000
-0.000016	0.000000	-0.000000
0.000016	0.000000	-0.000000
0.000016	-0.000000	-0.000000
-0.000016	0.000000	-0.000000
0.000016	-0.000000	0.000000
-0.000016	-0.000000	0.000000
-0.000016	0.000000	0.000000
0.000016	-0.000000	0.000000
-0.000016	0.000000	-0.000000
0.000016	0.000000	-0.000000
0.000016	-0.000000	0.000000
-0.000016	0.000000	-0.000000
0.000016	0.000000	0.000000
-0.000016	-0.000000	-0.000000
0.000014	-0.000000	0.000000
-0.000014	-0.000000	0.000000
0.000014	-0.000000	0.000000
-0.000014	0.000000	-0.000000
-0.000014	0.000000	-0.000000
0.000014	0.000000	-0.000000
-0.000014	0.000000	-0.000000
0.000014	0.000000	-0.000000
0.000014	-0.000000	-0.000000
-0.000014	-0.000000	0.000000
0.000014	-0.000000	0.000000
-0.000014	-0.000000	0.000000
-0.000014	-0.000000	0.000000
0.000014	0.000000	-0.000000
-0.000014	0.000000	-0.000000
0.000014	0.000000	0.000000
0.000014	0.000000	-0.000000
-0.000014	0.000000	0.000000
0.000014	-0.000000	0.000000
-0.000014	-0.000000	-0.000000
0.000011	-0.000000	0.000000
-0.000011	0.000000	-0.000000
0.000011	-0.000000	0.000000
-0.000011	-0.000000	0.000000
-0.000011	0.000000	-0.000000
0.000011	-0.000000	0.000000
-0.000011	-0.000000	0.000000
0.000011	0.000000	-0.000000
0.000011	-0.000000	0.000000
-0.000011	0.000000	-0.000000
0.000011	0.000000	-0.000000
-0.000011	-0.000000	0.000000
-0.000011	0.000000	-0.000000
0.000011	-0.000000	0.000000
-0.000011	-0.000000	0.000000
0.000011	0.000000	-0.000000
0.000011	-0.000000	0.000000
-0.000011	0.000000	-0.000000
0.000011	0.000000	-0.000000
-0.000011	-0.000000	0.000000
0.000009	-0.000000	0.000000
-0.000009	0.000000	-0.000000
0.000009	-0.000000	0.000000
-0.000009	-0.000000	0.000000
-0.000009	0.000000	-0.000000
0.000009	-0.000000	0.000000
-0.000009	0.000000	-0.000000
0.000009	0.000000	-0.000000
0.000009	-0.000000	0.000000
-0.000009	0.000000	-0.000000
0.000009	-0.000000	0.000000
-0.000009	-0.000000	0.000000
-0.000009	0.000000	0.000000
0.000009	-0.000000	-0.000000
-0.000009	0.000000	-0.000000
0.000009	0.000000	-0.000000
0.000009	-0.000000	0.000000
-0.000009	0.000000	-0.000000
0.000009	0.000000	0.000000
-0.000009	-0.000000	-0.000000
0.000008	-0.000000	0.000000
-0.000008	0.000000	-0.000000
0.000008	-0.000000	0.000000
-0.000008	-0.000000	0.000000
-0.000008	0.000000	-0.000000
0.000008	-0.000000	0.000000
-0.000008	0.000000	-0.000000
0.000008	0.000000	-0.000000
0.000008	-0.000000	-0.000000
-0.000008	0.000000	-0.000000
0.000008	0.000000	0.000000
-0.000008	-0.000000	0.000000
-0.000008	0.000000	0.000000
0.000008	-0.000000	0.000000
-0.000008	-0.000000	-0.000000
0.000008	0.000000	-0.000000
0.000008	-0.000000	0.000000
-0.000008	0.000000	-0.000000
0.000008	0.000000	0.000000
-0.000008	-0.000000	-0.000000
0.000007	-0.000000	0.000000
-0.000007	0.000000	-0.000000
0.000007	-0.000000	0.000000
-0.000007	-0.000000	0.000000
-0.000007	0.000000	-0.000000
0.000007	-0.000000	0.000000
-0.000007	-0.000000	-0.000000
0.000007	0.000000	-0.000000
0.000007	-0.000000	0.000000
-0.000007	0.000000	-0.000000
0.000007	-0.000000	0.000000
-0.000007	-0.000000	0.000000
-0.000007	0.000000	0.000000
0.000007	-0.000000	0.000000
-0.000007	-0.000000	-0.000000
0.000007	0.000000	-0.000000
0.000007	-0.000000	0.000000
-0.000007	0.000000	-0.000000
0.000007	0.000000	0.000000
-0.000007	-0.000000	-0.000000
0.000005	-0.000000	0.000000
-0.000005	0.000000	-0.000000
0.000005	-0.000000	0.000000
-0.000005	-0.000000	0.000000
-0.000005	0.000000	-0.000000
0.000005	-0.000000	0.000000
-0.000005	-0.000000	-0.000000
0.000005	0.000000	-0.000000
0.000005	-0.000000	0.000000
-0.000005	0.000000	-0.000000
0.000005	0.000000	0.000000
-0.000005	-0.000000	0.000000
-0.000005	0.000000	0.000000
0.000005	-0.000000	0.000000
-0.000005	-0.000000	-0.000000
0.000005	0.000000	-0.000000
0.000005	-0.000000	0.000000
-0.000005	0.000000	-0.000000
0.000005	0.000000	0.000000
-0.000005	-0.000000	-0.000000
0.000005	-0.000000	0.000000
-0.000005	0.000000	-0.000000
0.000005	-0.000000	0.000000
-0.000005	-0.000000	0.000000
-0.000005	0.000000	-0.000000
0.000005	-0.000000	0.000000
-0.000005	0.000000	-0.000000
0.000005	0.000000	-0.000000
0.000005	-0.000000	0.000000
-0.000005	0.000000	-0.000000
0.000005	-0.000000	0.000000
-0.000005	-0.000000	0.000000
-0.000005	0.000000	-0.000000
0.000005	-0.000000	0.000000
-0.000005	0.000000	-0.000000
0.000005	0.000000	-0.000000
0.000005	-0.000000	0.000000
-0.000005	0.000000	-0.000000
0.000005	0.000000	0.000000
-0.000005	-0.000000	0.000000
0.000004	-0.000000	0.000000
-0.000004	0.000000	-0.000000
0.000004	-0.000000	0.000000
-0.000004	-0.000000	0.000000
-0.000004	0.000000	-0.000000
0.000004	-0.000000	0.000000
-0.000004	-0.000000	-0.000000
0.000004	0.000000	-0.000000
0.000004	-0.000000	0.000000
-0.000004	0.000000	-0.000000
0.000004	-0.000000	0.000000
-0.000004	-0.000000	0.000000
-0.000004	0.000000	-0.000000
0.000004	-0.000000	0.000000
-0.000004	-0.000000	-0.000000
0.000004	0.000000	-0.000000
0.000004	-0.000000	0.000000
-0.000004	0.000000	-0.000000
0.000004	0.000000	0.000000
-0.000004	-0.000000	-0.000000
0.000003	-0.000000	0.000000
-0.000003	0.000000	-0.000000
0.000003	-0.000000	0.000000
-0.000003	-0.000000	0.000000
-0.000003	0.000000	-0.000000
0.000003	-0.000000	0.000000
-0.000003	-0.000000	-0.000000
0.000003	0.000000	-0.000000
0.000003	-0.000000	0.000000
-0.000003	0.000000	-0.000000
0.000003	0.000000	0.000000
-0.000003	-0.000000	0.000000
-0.000003	0.000000	0.000000
0.000003	-0.000000	0.000000
-0.000003	-0.000000	-0.000000
0.000003	0.000000	-0.000000
0.000003	-0.000000	0.000000
-0.000003	0.000000	-0.000000
0.000003	0.000000	0.000000
-0.000003	-0.000000	0.000000
0.000003	-0.000000	0.000000
-0.000003	-0.000000	-0.000000
0.000003	-0.000000	0.000000
-0.000003	0.000000	0.000000
-0.000003	-0.000000	-0.000000
0.000003	0.000000	0.000000
-0.000003	0.000000	0.000000
0.000003	-0.000000	-0.000000
0.000003	0.000000	0.000000
-0.000003	-0.000000	-0.000000
0.000003	-0.000000	-0.000000
-0.000003	0.000000	0.000000
-0.000003	-0.000000	-0.000000
0.000003	0.000000	0.000000
-0.000003	0.000000	0.000000
0.000003	-0.000000	-0.000000
0.000003	0.000000	0.000000
-0.000003	-0.000000	-0.000000
0.000003	-0.000000	-0.000000
-0.000003	0.000000	0.000000
0.000002	-0.000000	0.000000
-0.000002	0.000000	0.000000
0.000002	-0.000000	0.000000
-0.000002	-0.000000	-0.000000
-0.000002	0.000000	0.000000
0.000002	-0.000000	-0.000000
-0.000002	-0.000000	-0.000000
0.000002	0.000000	0.000000
0.000002	-0.000000	-0.000000
-0.000002	0.000000	0.000000
0.000002	0.000000	0.000000
-0.000002	-0.000000	-0.000000
-0.000002	0.000000	0.000000
0.000002	-0.000000	-0.000000
-0.000002	-0.000000	-0.000000
0.000002	0.000000	0.000000
0.000002	-0.000000	-0.000000
-0.000002	0.000000	0.000000
0.000002	0.000000	0.000000
-0.000002	-0.000000	-0.000000
0.000002	-0.000000	0.000000
-0.000002	0.000000	-0.000000
0.000002	-0.000000	0.000000
-0.000002	-0.000000	0.000000
-0.000002	0.000000	-0.000000
0.000002	-0.000000	0.000000
-0.000002	0.000000	-0.000000
0.000002	0.000000	-0.000000
0.000002	-0.000000	0.000000
-0.000002	0.000000	-0.000000
0.000002	-0.000000	0.000000
-0.000002	-0.000000	0.000000
-0.000002	0.000000	-0.000000
0.000002	-0.000000	0.000000
-0.000002	-0.000000	-0.000000
0.000002	0.000000	-0.000000
0.000002	-0.000000	0.000000
-0.000002	0.000000	-0.000000
0.000002	0.000000	0.000000
-0.000002	-0.000000	-0.000000
0.000002	-0.000000	0.000000
-0.000002	0.000000	-0.000000
0.000002	-0.000000	0.000000
-0.000002	-0.000000	0.000000
-0.000002	0.000000	-0.000000
0.000002	-0.000000	0.000000
-0.000002	-0.000000	-0.000000
0.000002	0.000000	-0.000000
0.000002	-0.000000	0.000000
-0.000002	0.000000	-0.000000
0.000002	0.000000	0.000000
-0.000002	-0.000000	0.000000
-0.000002	0.000000	0.000000
0.000002	-0.000000	0.000000
-0.000002	-0.000000	-0.000000
0.000002	0.000000	-0.000000
0.000002	-0.000000	0.000000
-0.000002	0.000000	-0.000000
0.000002	0.000000	0.000000
-0.000002	-0.000000	-0.000000
0.000001	-0.000000	0.000000
-0.000001	0.000000	-0.000000
0.000001	-0.000000	0.000000
-0.000001	-0.000000	0.000000
-0.000001	0.000000	-0.000000
0.000001	-0.000000	0.000000
-0.000001	0.000000	-0.000000
0.000001	0.000000	-0.000000
0.000001	-0.000000	0.000000
-0.000001	0.000000	-0.000000
0.000001	-0.000000	0.000000
-0.000001	-0.000000	0.000000
-0.000001	-0.000000	0.000000
0.000001	-0.000000	-0.000000
-0.000001	-0.000000	-0.000000
0.000001	0.000000	-0.000000
0.000001	0.000000	-0.000000
-0.000001	-0.000000	0.000000
0.000001	0.000000	-0.000000
-0.000001	-0.000000	0.000000
0.000001	-0.000000	0.000000
-0.000001	0.000000	-0.000000
0.000001	-0.000000	0.000000
-0.000001	-0.000000	0.000000
-0.000001	0.000000	-0.000000
0.000001	-0.000000	0.000000
-0.000001	-0.000000	-0.000000
0.000001	0.000000	-0.000000
0.000001	-0.000000	0.000000
-0.000001	0.000000	-0.000000
0.000001	0.000000	0.000000
-0.000001	-0.000000	0.000000
-0.000001	0.000000	0.000000
0.000001	-0.000000	0.000000
-0.000001	-0.000000	-0.000000
0.000001	0.000000	-0.000000
0.000001	-0.000000	0.000000
-0.000001	0.000000	-0.000000
0.000001	0.000000	0.000000
-0.000001	-0.000000	-0.000000
0.000001	-0.000000	0.000000
-0.000001	0.000000	-0.000000
0.000001	-0.000000	0.000000
-0.000001	0.000000	-0.000000
-0.000001	-0.000000	0.000000
0.000001	-0.000000	0.000000
-0.000001	-0.000000	0.000000
0.000001	-0.000000	0.000000
0.000001	0.000000	-0.000000
-0.000001	0.000000	-0.000000
0.000001	0.000000	-0.000000
-0.000001	0.000000	-0.000000
-0.000001	-0.000000	0.000000
0.000001	-0.000000	0.000000
-0.000001	-0.000000	0.000000
0.000001	-0.000000	0.000000
0.000001	0.000000	-0.000000
-0.000001	0.000000	-0.000000
0.000001	0.000000	-0.000000
-0.000001	0.000000	-0.000000
0.000001	-0.000000	0.000000
-0.000001	0.000000	-0.000000
0.000001	-0.000000	0.000000
-0.000001	-0.000000	0.000000
-0.000001	0.000000	-0.000000
0.000001	0.000000	-0.000000
-0.000001	0.000000	-0.000000
0.000001	0.000000	-0.000000
0.000001	-0.000000	0.000000
-0.000001	-0.000000	0.000000
0.000001	-0.000000	0.000000
-0.000001	-0.000000	0.000000
-0.000001	0.000000	-0.000000
0.000001	0.000000	-0.000000
-0.000001	0.000000	-0.000000
0.000001	0.000000	-0.000000
0.000001	-0.000000	0.000000
-0.000001	-0.000000	0.000000
0.000001	-0.000000	0.000000
-0.000001	-0.000000	0.000000
0.000001	-0.000000	0.000000
-0.000001	0.000000	-0.000000
0.000001	-0.000000	0.000000
-0.000001	-0.000000	0.000000
-0.000001	0.000000	-0.000000
0.000001	-0.000000	0.000000
-0.000001	-0.000000	-0.000000
0.000001	0.000000	-0.000000
0.000001	-0.000000	-0.000000
-0.000001	0.000000	-0.000000
0.000001	0.000000	0.000000
-0.000001	-0.000000	0.000000
-0.000001	0.000000	0.000000
0.000001	-0.000000	0.000000
-0.000001	-0.000000	-0.000000
0.000001	0.000000	-0.000000
0.000001	-0.000000	0.000000
-0.000001	0.000000	-0.000000
0.000001	0.000000	0.000000
-0.000001	-0.000000	-0.000000
0.000001	-0.000000	0.000000
-0.000001	0.000000	-0.000000
0.000001	-0.000000	0.000000
-0.000001	-0.000000	0.000000
-0.000001	0.000000	-0.000000
0.000001	-0.000000	0.000000
-0.000001	-0.000000	-0.000000
0.000001	0.000000	-0.000000
0.000001	-0.000000	0.000000
-0.000001	0.000000	-0.000000
0.000001	0.000000	0.000000
-0.000001	-0.000000	0.000000
-0.000001	0.000000	0.000000
0.000001	-0.000000	-0.000000
-0.000001	-0.000000	-0.000000
0.000001	0.000000	-0.000000
0.000001	-0.000000	0.000000
-0.000001	0.000000	-0.000000
0.000001	0.000000	0.000000
-0.000001	-0.000000	-0.000000
0.000000	-0.000000	0.000000
-0.000000	0.000000	-0.000000
0.000000	-0.000000	0.000000
-0.000000	-0.000000	0.000000
-0.000000	0.000000	-0.000000
0.000000	-0.000000	0.000000
-0.000000	-0.000000	-0.000000
0.000000	0.000000	-0.000000
0.000000	-0.000000	0.000000
-0.000000	0.000000	0.000000
0.000000	0.000000	0.000000
-0.000000	-0.000000	0.000000
-0.000000	0.000000	0.000000
0.000000	-0.000000	-0.000000
-0.000000	-0.000000	-0.000000
0.000000	0.000000	-0.000000
0.000000	-0.000000	0.000000
-0.000000	0.000000	-0.000000
0.000000	0.000000	0.000000
-0.000000	-0.000000	0.000000
0.000000	-0.000000	0.000000
-0.000000	0.000000	-0.000000
0.000000	-0.000000	0.000000
-0.000000	-0.000000	0.000000
-0.000000	0.000000	-0.000000
0.000000	-0.000000	0.000000
-0.000000	-0.000000	-0.000000
0.000000	0.000000	-0.000000
0.000000	-0.000000	-0.000000
-0.000000	0.000000	0.000000
0.000000	0.000000	0.000000
-0.000000	-0.000000	0.000000
-0.000000	0.000000	0.000000
0.000000	-0.000000	-0.000000
-0.000000	0.000000	-0.000000
0.000000	0.000000	-0.000000
0.000000	-0.000000	0.000000
-0.000000	0.000000	-0.000000
0.000000	0.000000	0.000000
-0.000000	-0.000000	-0.000000
0.000000	-0.000000	0.000000
-0.000000	0.000000	-0.000000
0.000000	-0.000000	0.000000
-0.000000	-0.000000	0.000000
-0.000000	0.000000	-0.000000
0.000000	-0.000000	0.000000
-0.000000	-0.000000	-0.000000
0.000000	0.000000	-0.000000
0.000000	-0.000000	0.000000
-0.000000	0.000000	0.000000
0.000000	0.000000	0.000000
-0.000000	-0.000000	0.000000
-0.000000	0.000000	-0.000000
0.000000	-0.000000	-0.000000
-0.000000	-0.000000	-0.000000
0.000000	0.000000	-0.000000
0.000000	-0.000000	0.000000
-0.000000	0.000000	-0.000000
0.000000	0.000000	0.000000
-0.000000	-0.000000	0.000000
0.000000	-0.000000	0.000000
-0.000000	0.000000	-0.000000
0.000000	-0.000000	0.000000
-0.000000	-0.000000	0.000000
-0.000000	0.000000	-0.000000
0.000000	-0.000000	0.000000
-0.000000	0.000000	-0.000000
0.000000	0.000000	-0.000000
0.000000	-0.000000	0.000000
-0.000000	0.000000	-0.000000
0.000000	0.000000	0.000000
-0.000000	-0.000000	0.000000
-0.000000	0.000000	0.000000
0.000000	-0.000000	-0.000000
-0.000000	-0.000000	-0.000000
0.000000	0.000000	-0.000000
0.000000	-0.000000	0.000000
-0.000000	0.000000	0.000000
0.000000	0.000000	0.000000
-0.000000	-0.000000	-0.000000
0.000000	-0.000000	0.000000
-0.000000	0.000000	-0.000000
0.000000	-0.000000	0.000000
-0.000000	-0.000000	0.000000
-0.000000	0.000000	-0.000000
0.000000	-0.000000	0.000000
-0.000000	-0.000000	-0.000000
0.000000	0.000000	-0.000000
0.000000	-0.000000	0.000000
-0.000000	0.000000	-0.000000
0.000000	0.000000	0.000000
-0.000000	-0.000000	0.000000
-0.000000	0.000000	0.000000
0.000000	-0.000000	0.000000
-0.000000	-0.000000	-0.000000
0.000000	0.000000	-0.000000
0.000000	-0.000000	0.000000
-0.000000	0.000000	-0.000000
0.000000	0.000000	0.000000
-0.000000	-0.000000	-0.000000
0.000000	0.000000	-0.000000
-0.000000	0.000000	-0.000000
0.000000	-0.000000	0.000000
-0.000000	-0.000000	0.000000
-0.000000	-0.000000	0.000000
0.000000	-0.000000	0.000000
-0.000000	0.000000	-0.000000
0.000000	0.000000	-0.000000
0.000000	0.000000	-0.000000
-0.000000	0.000000	-0.000000
0.000000	-0.000000	0.000000
-0.000000	-0.000000	0.000000
-0.000000	-0.000000	0.000000
0.000000	-0.000000	0.000000
-0.000000	0.000000	-0.000000
0.000000	0.000000	-0.000000
0.000000	0.000000	-0.000000
-0.000000	0.000000	-0.000000
0.000000	-0.000000	0.000000
-0.000000	-0.000000	0.000000
0.000000	-0.000000	0.000000
-0.000000	0.000000	-0.000000
0.000000	0.000000	-0.000000
-0.000000	-0.000000	0.000000
-0.000000	0.000000	-0.000000
0.000000	0.000000	-0.000000
-0.000000	-0.000000	0.000000
0.000000	-0.000000	0.000000
0.000000	-0.000000	0.000000
-0.000000	-0.000000	0.000000
0.000000	0.000000	-0.000000
-0.000000	0.000000	-0.000000
-0.000000	0.000000	-0.000000
0.000000	0.000000	-0.000000
-0.000000	-0.000000	0.000000
0.000000	-0.000000	0.000000
0.000000	-0.000000	0.000000
-0.000000	-0.000000	0.000000
0.000000	0.000000	-0.000000
-0.000000	0.000000	-0.000000
0.000000	-0.000000	0.000000
-0.000000	0.000000	-0.000000
0.000000	-0.000000	0.000000
-0.000000	-0.000000	0.000000
-0.000000	0.000000	-0.000000
0.000000	-0.000000	0.000000
-0.000000	0.000000	-0.000000
0.000000	0.000000	-0.000000
0.000000	-0.000000	-0.000000
-0.000000	0.000000	-0.000000
0.000000	-0.000000	0.000000
-0.000000	-0.000000	0.000000
-0.000000	0.000000	0.000000
0.000000	-0.000000	0.000000
-0.000000	0.000000	-0.000000
0.000000	0.000000	-0.000000
0.000000	-0.000000	0.000000
-0.000000	0.000000	-0.000000
0.000000	0.000000	0.000000
-0.000000	-0.000000	0.000000
0.000000	-0.000000	0.000000
-0.000000	-0.000000	0.000000
0.000000	-0.000000	0.000000
-0.000000	0.000000	-0.000000
-0.000000	0.000000	-0.000000
0.000000	0.000000	-0.000000
-0.000000	0.000000	-0.000000
0.000000	0.000000	-0.000000
0.000000	-0.000000	0.000000
-0.000000	-0.000000	0.000000
0.000000	-0.000000	0.000000
-0.000000	-0.000000	0.000000
-0.000000	0.000000	-0.000000
0.000000	0.000000	-0.000000
-0.000000	0.000000	-0.000000
0.000000	0.000000	-0.000000
0.000000	-0.000000	0.000000
-0.000000	-0.000000	0.000000
0.000000	-0.000000	0.000000
-0.000000	-0.000000	0.000000
0.000000	0.000000	-0.000000
-0.000000	0.000000	-0.000000
0.000000	0.000000	-0.000000
-0.000000	-0.000000	0.000000
-0.000000	-0.000000	0.000000
0.000000	-0.000000	0.000000
-0.000000	-0.000000	0.000000
0.000000	-0.000000	0.000000
0.000000	0.000000	-0.000000
-0.000000	0.000000	-0.000000
0.000000	0.000000	-0.000000
-0.000000	0.000000	-0.000000
-0.000000	-0.000000	0.000000
0.000000	-0.000000	0.000000
-0.000000	-0.000000	0.000000
0.000000	-0.000000	0.000000
0.000000	0.000000	-0.000000
-0.000000	0.000000	-0.000000
0.000000	0.000000	-0.000000
-0.000000	0.000000	-0.000000
0.000000	-0.000000	0.000000
-0.000000	0.000000	-0.000000
0.000000	0.000000	-0.000000
-0.000000	0.000000	-0.000000
-0.000000	0.000000	-0.000000
0.000000	-0.000000	0.000000
-0.000000	0.000000	0.000000
0.000000	-0.000000	0.000000
0.000000	-0.000000	0.000000
-0.000000	-0.000000	0.000000
0.000000	0.000000	-0.000000
-0.000000	0.000000	-0.000000
-0.000000	0.000000	-0.000000
0.000000	0.000000	-0.000000
-0.000000	-0.000000	0.000000
0.000000	-0.000000	0.000000
0.000000	-0.000000	0.000000
-0.000000	-0.000000	0.000000
0.000000	-0.000000	0.000000
-0.000000	0.000000	-0.000000
