       -2.99            0            0            0     -8.00236     -9.77888           -0           -0  5.25188e-15  1.28356e-14            0            0
           0         3.71            0            0      9.77888      16.5881            0            0 -1.28356e-14 -4.84307e-14           -0           -0
           0            0         3.71            0            0            0     -2.48073            0           -0           -0  1.62808e-15           -0
           0            0            0         3.71            0            0            0     -2.48073           -0           -0           -0  1.62808e-15
    -8.00236      9.77888            0            0        -2.99            0            0            0     -8.00236     -9.77888           -0           -0
    -9.77888      16.5881            0            0            0         3.71            0            0      9.77888      16.5881            0            0
          -0            0     -2.48073            0            0            0         3.71            0            0            0     -2.48073            0
          -0            0            0     -2.48073            0            0            0         3.71            0            0            0     -2.48073
 5.25188e-15 -1.28356e-14           -0           -0     -8.00236      9.77888            0            0        -2.99            0            0            0
 1.28356e-14 -4.84307e-14           -0           -0     -9.77888      16.5881            0            0            0         3.71            0            0
           0           -0  1.62808e-15           -0           -0            0     -2.48073            0            0            0         3.71            0
           0           -0           -0  1.62808e-15           -0            0            0     -2.48073            0            0            0         3.71
