61
C3 molecule
6  -10.000000 0.000000 0.000000 1.000000 0.000000 0.000000
6  2.166500 0.590600 2.587400 -0.001594 0.002327 -0.003583
6  3.037800 0.176600 1.591800 0.002536 0.000834 0.001069
6  1.278600 -0.309800 3.167900 -0.003976 0.003842 -0.004370
6  3.011800 -1.143400 1.165400 0.002234 0.002742 0.001712
6  3.103400 -1.433500 -0.193000 0.000077 -0.000418 -0.004256
6  3.150300 1.210600 0.668200 0.000629 0.003481 -0.001193
6  3.242800 0.914900 -0.685900 0.004462 0.001302 -0.004303
6  3.219200 -0.402300 -1.120700 0.001831 0.003699 0.002766
6  -0.439300 1.352700 3.127100 -0.000084 -0.004285 -0.001150
6  0.436300 2.261800 2.554200 0.001641 0.000328 -0.001421
6  -0.029600 0.063300 3.437900 -0.000871 0.001975 0.001626
6  1.744200 1.879000 2.283000 -0.000901 -0.000081 -0.002114
6  2.351900 2.267600 1.099000 -0.001808 -0.000622 -0.004332
6  -0.263300 3.026800 1.632600 -0.002934 -0.003636 0.000767
6  0.337400 3.405400 0.437300 -0.000430 0.001504 0.001431
6  1.651600 3.027800 0.170700 -0.000631 0.001794 0.003480
6  -2.090300 -0.822500 2.595500 0.000131 0.003895 0.001526
6  -2.511100 0.466400 2.285400 0.001175 -0.000958 0.000764
6  -0.844900 -1.025200 3.173800 -0.004186 -0.000661 0.002862
6  -1.687400 1.553300 2.551200 0.003957 0.000462 0.003069
6  -1.584300 2.585800 1.631900 0.001358 -0.001827 -0.003028
6  -3.231400 0.406100 1.100700 0.002011 -0.001995 0.003310
6  -3.122700 1.441000 0.174600 -0.001615 -0.002208 -0.002845
6  -2.294700 2.529100 0.439900 -0.000283 0.003509 0.001894
6  -0.490800 -2.913300 1.736500 0.004356 -0.001933 0.000964
6  -1.743000 -2.712400 1.163700 0.003688 -0.004054 -0.002872
6  -0.039300 -2.068400 2.745300 -0.002885 -0.003757 -0.001154
6  -2.548600 -1.665000 1.594200 -0.001215 -0.002095 -0.001676
6  -3.260200 -0.914100 0.670100 0.003916 0.001875 -0.000230
6  -1.654300 -3.006100 -0.189700 0.001312 -0.001255 -0.002903
6  -2.354200 -2.243900 -1.117000 -0.002231 0.004225 0.003263
6  -3.164300 -1.194900 -0.687800 0.001858 -0.000770 -0.001253
6  2.136400 -2.055300 1.735800 -0.003496 -0.000002 -0.001142
6  1.689500 -2.900900 0.729300 0.003395 -0.004280 -0.003500
6  1.278500 -1.636600 2.743500 0.001585 0.000111 0.001126
6  0.367800 -3.332700 0.730200 0.000440 -0.001795 -0.001012
6  -0.344000 -3.390400 -0.459400 -0.000621 0.002523 0.000864
6  2.288900 -2.525000 -0.464000 0.003710 -0.002786 0.001039
6  1.579000 -2.571800 -1.658000 0.004130 -0.003025 -0.000613
6  0.256000 -3.005400 -1.653100 0.003381 -0.000057 -0.004600
6  -2.182800 -0.578300 -2.597900 -0.004479 0.000838 0.002282
6  -1.748000 -1.869400 -2.308300 -0.003374 0.004326 0.001689
6  -0.438500 -2.246900 -2.584500 0.003066 0.003009 0.001514
6  -1.281500 0.318900 -3.167100 -0.002322 -0.003205 0.000141
6  -2.152600 2.054500 -1.737800 0.003182 0.002481 0.004052
6  -3.048500 1.153500 -1.181100 0.002974 -0.000238 0.004051
6  -3.065600 -0.162900 -1.610700 -0.003673 0.003933 -0.001120
6  -1.266100 1.640700 -2.727100 0.000883 -0.003306 0.003716
6  0.503900 2.936100 -1.741800 -0.001509 -0.002004 -0.002751
6  -0.378800 3.356100 -0.751300 -0.001118 -0.001112 0.004360
6  -1.694300 2.918600 -0.749100 -0.002293 -0.003127 -0.004576
6  0.052100 2.073000 -2.735500 -0.003046 -0.000806 0.003449
6  2.097600 0.834000 -2.605100 -0.004355 0.003093 -0.000143
6  2.551700 1.692300 -1.610700 -0.003737 0.002714 -0.002085
6  1.758900 2.745200 -1.182400 -0.002155 0.000554 0.001067
6  0.842000 1.020600 -3.178600 -0.001113 -0.002266 -0.003391
6  0.446100 -1.349500 -3.166100 -0.002803 -0.000536 0.001609
6  1.698300 -1.548500 -2.590800 0.002000 0.002562 0.003660
6  2.518400 -0.462300 -2.317100 -0.000443 -0.003320 -0.004234
6  0.021800 -0.064500 -3.458500 -0.000580 0.003112 0.002702
61
C4 molecule
6  -9.000000 0.000000 0.000000 0.983620 -0.000076 0.000066
6  2.164562 0.592270 2.585167 -0.018627 0.000938 -0.000844
6  3.041122 0.176249 1.592882 -0.012298 -0.001457 0.001134
6  1.276021 -0.305228 3.163796 -0.017591 0.005097 -0.003767
6  3.014950 -1.139719 1.167700 -0.012405 0.004334 0.002823
6  3.104511 -1.433245 -0.198224 -0.014251 0.000846 -0.005886
6  3.151887 1.214113 0.665881 -0.013829 0.003397 -0.003346
6  3.248063 0.916821 -0.689077 -0.010391 0.002529 -0.002009
6  3.221839 -0.399818 -1.117236 -0.013023 0.001190 0.003983
6  -0.439240 1.347554 3.127093 -0.016124 -0.005858 0.001147
6  0.439463 2.262371 2.553236 -0.011858 0.000687 -0.000396
6  -0.030759 0.066612 3.440180 -0.017834 0.004317 0.002976
6  1.742495 1.879805 2.281832 -0.018789 0.001617 -0.000235
6  2.350129 2.268240 1.094027 -0.018085 0.001756 -0.005394
6  -0.265811 3.024350 1.632628 -0.018392 -0.001310 -0.000640
6  0.336556 3.407471 0.440070 -0.017634 0.002541 0.004129
6  1.652061 3.029737 0.175254 -0.014917 0.002046 0.005486
6  -2.089597 -0.818953 2.598280 -0.015205 0.002980 0.003989
6  -2.509801 0.466592 2.287081 -0.014959 0.001298 0.002668
6  -0.850591 -1.025939 3.176981 -0.023343 -0.000904 0.003575
6  -1.684778 1.553082 2.554747 -0.015167 -0.000956 0.004008
6  -1.583996 2.584671 1.628148 -0.017096 -0.000562 -0.004249
6  -3.230200 0.405353 1.103353 -0.016002 0.000447 0.002003
6  -3.125300 1.438181 0.172834 -0.019885 -0.003389 -0.000481
6  -2.294993 2.533303 0.443130 -0.016792 0.004711 0.004432
6  -0.486221 -2.915212 1.738875 -0.011687 -0.002030 0.003702
6  -1.740576 -2.716185 1.161614 -0.015241 -0.003556 -0.001196
6  -0.042689 -2.073706 2.743862 -0.020144 -0.006687 -0.001506
6  -2.549678 -1.668737 1.592544 -0.017255 -0.005367 -0.001499
6  -3.257065 -0.912671 0.668771 -0.014022 0.000869 -0.002310
6  -1.654064 -3.007458 -0.193568 -0.017203 -0.001524 -0.004656
6  -2.356439 -2.241035 -1.113088 -0.018560 0.001398 0.004495
6  -3.163383 -1.195844 -0.687886 -0.016475 -0.001055 0.001146
6  2.132694 -2.055428 1.736099 -0.020169 -0.000302 0.001668
6  1.691969 -2.906491 0.726033 -0.014791 -0.006884 -0.002881
6  1.281191 -1.637265 2.744464 -0.012790 -0.001467 0.000911
6  0.369714 -3.335000 0.729414 -0.013012 -0.002885 -0.000523
6  -0.344210 -3.388392 -0.459830 -0.016104 0.001401 -0.001721
6  2.292597 -2.528436 -0.464210 -0.012680 -0.004137 -0.001393
6  1.584207 -2.575539 -1.657885 -0.010161 -0.004488 0.000836
6  0.258993 -3.006636 -1.657014 -0.013784 -0.002501 -0.003080
6  -2.186839 -0.576739 -2.597089 -0.019984 0.002176 -0.000612
6  -1.750703 -1.865801 -2.307469 -0.018360 0.002736 0.000071
6  -0.436919 -2.244171 -2.583390 -0.016370 0.002361 0.000795
6  -1.285199 0.314960 -3.167226 -0.021360 -0.004625 -0.000323
6  -2.148991 2.057221 -1.735411 -0.012463 0.002728 0.000735
6  -3.046306 1.152466 -1.177692 -0.014954 -0.001825 0.002754
6  -3.070008 -0.157902 -1.611879 -0.021506 0.005829 -0.001131
6  -1.266463 1.638112 -2.723222 -0.017979 -0.001958 0.004070
6  0.501983 2.934033 -1.746193 -0.018686 -0.002086 -0.005686
6  -0.381094 3.355444 -0.747159 -0.019759 -0.000305 0.003859
6  -1.695935 2.916559 -0.753890 -0.017315 -0.000923 -0.004704
6  0.049471 2.073607 -2.731816 -0.018572 0.001787 0.003843
6  2.092487 0.837445 -2.606691 -0.022111 0.003565 -0.002901
6  2.547943 1.696262 -1.612843 -0.020072 0.004996 -0.002104
6  1.757876 2.745546 -1.182019 -0.016347 0.000127 -0.000189
6  0.842499 1.018523 -3.182263 -0.014388 -0.001816 -0.003825
6  0.443082 -1.349240 -3.165601 -0.019461 0.001018 -0.000515
6  1.701493 -1.545346 -2.587566 -0.012176 0.003518 0.002809
6  2.517888 -0.466593 -2.322160 -0.016829 -0.005038 -0.005644
6  0.021560 -0.062492 -3.456403 -0.016353 0.000730 0.001531
61
C4 molecule
6  -8.016380 -0.000076 0.000066 0.983620 -0.000076 0.000066
6  2.145625 0.592552 2.585646 -0.019128 -0.000272 0.001658
6  3.029583 0.173762 1.594003 -0.010853 -0.003224 0.001116
6  1.259797 -0.299530 3.160299 -0.015024 0.006080 -0.003190
6  3.003369 -1.134657 1.170980 -0.010887 0.005469 0.003566
6  3.091277 -1.431731 -0.204839 -0.012296 0.002058 -0.007018
6  3.139022 1.217469 0.661442 -0.011959 0.003270 -0.005349
6  3.238397 0.920035 -0.689985 -0.009047 0.003895 0.000023
6  3.209534 -0.399845 -1.112801 -0.011695 -0.001096 0.004573
6  -0.455168 1.341059 3.129328 -0.015729 -0.006782 0.003192
6  0.428963 2.263250 2.553342 -0.009480 0.001042 0.000635
6  -0.048889 0.072011 3.443786 -0.018377 0.006085 0.004201
6  1.723002 1.882310 2.282465 -0.019962 0.003317 0.001358
6  2.332110 2.271189 1.088146 -0.017874 0.003951 -0.006126
6  -0.283704 3.024255 1.631255 -0.017386 0.001049 -0.001975
6  0.318511 3.410558 0.445492 -0.018391 0.003608 0.006515
6  1.638147 3.031968 0.181606 -0.013102 0.002504 0.006905
6  -2.104331 -0.816464 2.603413 -0.014472 0.001906 0.006067
6  -2.524638 0.469072 2.290671 -0.014787 0.003549 0.004438
6  -0.875207 -1.026932 3.180884 -0.025510 -0.001098 0.004263
6  -1.701354 1.551465 2.559150 -0.017914 -0.002144 0.004713
6  -1.602113 2.584752 1.623336 -0.019000 0.000641 -0.005102
6  -3.247025 0.407071 1.104640 -0.017615 0.002860 0.000626
6  -3.146091 1.434299 0.173572 -0.021565 -0.004167 0.001948
6  -2.311904 2.538598 0.448697 -0.017176 0.005740 0.006364
6  -0.497795 -2.917284 1.743838 -0.011604 -0.002239 0.005934
6  -1.757102 -2.719436 1.161241 -0.017701 -0.003006 0.000405
6  -0.063209 -2.081698 2.742223 -0.020727 -0.008936 -0.001547
6  -2.566730 -1.675658 1.591136 -0.016856 -0.008223 -0.001233
6  -3.271864 -0.912286 0.665415 -0.015532 -0.000087 -0.004195
6  -1.672327 -3.009072 -0.199078 -0.019198 -0.001737 -0.006143
6  -2.374941 -2.241028 -1.108076 -0.018433 -0.001285 0.005304
6  -3.180870 -1.196933 -0.685574 -0.018501 -0.001011 0.003318
6  2.112441 -2.055828 1.739070 -0.020154 -0.000499 0.004007
6  1.676299 -2.914592 0.723473 -0.016364 -0.009126 -0.002178
6  1.269300 -1.639459 2.745256 -0.011286 -0.002810 0.000777
6  0.358156 -3.338393 0.729088 -0.010311 -0.003904 -0.000167
6  -0.359828 -3.387521 -0.462907 -0.015126 0.000329 -0.004335
6  2.279919 -2.533199 -0.466851 -0.012616 -0.005324 -0.003738
6  1.575058 -2.580701 -1.656394 -0.008302 -0.005760 0.001960
6  0.244812 -3.010327 -1.659327 -0.014532 -0.004793 -0.001592
6  -2.206388 -0.573873 -2.599189 -0.019216 0.003418 -0.003473
6  -1.768341 -1.863853 -2.308225 -0.016991 0.001170 -0.001488
6  -0.454860 -2.242103 -2.582975 -0.019415 0.001754 0.000064
6  -1.307840 0.309726 -3.167812 -0.023690 -0.005621 -0.000872
6  -2.161146 2.060033 -1.736396 -0.012049 0.002767 -0.002585
6  -3.062028 1.149926 -1.175658 -0.016437 -0.003047 0.001311
6  -3.092232 -0.151167 -1.613027 -0.022878 0.007351 -0.001161
6  -1.285678 1.636859 -2.719026 -0.020303 -0.000626 0.004205
6  0.482907 2.932003 -1.753237 -0.019386 -0.001797 -0.007989
6  -0.401939 3.355565 -0.743648 -0.021705 0.000527 0.003067
6  -1.712550 2.916830 -0.758574 -0.015995 0.001479 -0.004439
6  0.031336 2.076650 -2.727879 -0.017746 0.004017 0.003814
6  2.069758 0.841207 -2.610969 -0.023082 0.003794 -0.005466
6  2.527936 1.702368 -1.614974 -0.019820 0.006958 -0.002159
6  1.742586 2.745529 -1.182844 -0.014413 -0.000027 -0.001355
6  0.829604 1.017044 -3.186317 -0.011700 -0.001012 -0.004270
6  0.423558 -1.347388 -3.167196 -0.019424 0.002590 -0.002563
6  1.690329 -1.541388 -2.585248 -0.010436 0.004148 0.001778
6  2.501121 -0.472300 -2.328453 -0.016528 -0.005985 -0.006726
6  0.005473 -0.062964 -3.455505 -0.015931 -0.001608 0.000260
61
C4 molecule
6  -7.032759 -0.000152 0.000132 0.983620 -0.000076 0.000066
6  2.126306 0.591725 2.588482 -0.019322 -0.001195 0.003778
6  3.019416 0.169802 1.595113 -0.009587 -0.004315 0.001142
6  1.245974 -0.293068 3.157415 -0.012895 0.006559 -0.002508
6  2.993176 -1.128782 1.174833 -0.009650 0.005893 0.003952
6  3.079918 -1.429130 -0.212260 -0.010547 0.002922 -0.007459
6  3.127969 1.220654 0.655184 -0.010255 0.003087 -0.006868
6  3.229969 0.924610 -0.689032 -0.007930 0.005184 0.001599
6  3.198448 -0.402010 -1.108089 -0.010584 -0.002960 0.004506
6  -0.470699 1.333989 3.133476 -0.015383 -0.006928 0.004916
6  0.420503 2.264455 2.554507 -0.007903 0.001372 0.001710
6  -0.067512 0.078781 3.448582 -0.018772 0.006975 0.005357
6  1.702571 1.886438 2.284548 -0.020561 0.004794 0.002626
6  2.314380 2.276142 1.081775 -0.017461 0.005673 -0.006312
6  -0.300584 3.026448 1.628677 -0.016435 0.003181 -0.002939
6  0.299773 3.414688 0.453100 -0.018970 0.004631 0.008378
6  1.625858 3.034744 0.189064 -0.011738 0.003172 0.007634
6  -2.118542 -0.815141 2.610414 -0.014246 0.000707 0.007659
6  -2.539376 0.473690 2.295958 -0.014825 0.005444 0.005997
6  -0.901611 -1.028136 3.185507 -0.026830 -0.001338 0.005034
6  -1.720606 1.548793 2.564173 -0.020394 -0.002970 0.005257
6  -1.621995 2.585952 1.617944 -0.020543 0.001663 -0.005332
6  -3.265430 0.411072 1.104605 -0.019125 0.004886 -0.000535
6  -3.168430 1.429847 0.176730 -0.022948 -0.004459 0.004217
6  -2.329345 2.544782 0.455859 -0.017873 0.006481 0.007529
6  -0.509429 -2.919689 1.750742 -0.011823 -0.002742 0.007482
6  -1.775979 -2.722196 1.162424 -0.019836 -0.002652 0.001844
6  -0.084143 -2.091578 2.740768 -0.020953 -0.010397 -0.001085
6  -2.583391 -1.685184 1.590078 -0.016540 -0.010456 -0.000796
6  -3.288130 -0.912844 0.660382 -0.016925 -0.000971 -0.005534
6  -1.692460 -3.010932 -0.205854 -0.020853 -0.002060 -0.007114
6  -2.393304 -2.243604 -1.102479 -0.018340 -0.003654 0.005603
6  -3.200384 -1.197865 -0.681251 -0.020466 -0.000783 0.005030
6  2.092386 -2.056425 1.744114 -0.019740 -0.000721 0.005726
6  1.659242 -2.924742 0.721676 -0.017451 -0.010914 -0.001382
6  1.258620 -1.642886 2.746019 -0.010413 -0.003891 0.000900
6  0.349093 -3.342809 0.729080 -0.008170 -0.004932 0.000104
6  -0.374463 -3.387733 -0.468499 -0.014201 -0.000757 -0.006608
6  2.267365 -2.539085 -0.471686 -0.012397 -0.006355 -0.005654
6  1.567602 -2.587059 -1.653966 -0.006853 -0.006859 0.002625
6  0.229929 -3.016223 -1.660198 -0.015144 -0.006834 -0.000309
6  -2.225272 -0.569903 -2.604035 -0.018734 0.004290 -0.005990
6  -1.784685 -1.863462 -2.310445 -0.015879 -0.000318 -0.002809
6  -0.475750 -2.240663 -2.583261 -0.022109 0.001095 -0.000607
6  -1.332579 0.303718 -3.168971 -0.025451 -0.006105 -0.001499
6  -2.173088 2.062756 -1.740580 -0.012094 0.002605 -0.005503
6  -3.079180 1.146372 -1.175070 -0.017783 -0.003757 -0.000060
6  -3.115764 -0.143200 -1.614201 -0.024088 0.008197 -0.001218
6  -1.307069 1.636861 -2.714813 -0.022217 0.000497 0.004028
6  0.463211 2.930438 -1.762171 -0.019880 -0.001120 -0.009389
6  -0.424505 3.356498 -0.741025 -0.023103 0.001332 0.002128
6  -1.727924 2.919516 -0.762767 -0.014941 0.003811 -0.003764
6  0.013979 2.081640 -2.724188 -0.017074 0.005598 0.003297
6  2.046323 0.845034 -2.617623 -0.023425 0.003711 -0.007568
6  2.508304 1.710179 -1.617160 -0.019294 0.008327 -0.002246
6  1.729050 2.745493 -1.184729 -0.012916 0.000141 -0.002271
6  0.819098 1.016499 -3.190803 -0.009751 0.000015 -0.004729
6  0.404234 -1.344061 -3.170727 -0.019068 0.003846 -0.004323
6  1.680620 -1.537051 -2.584009 -0.009327 0.004207 0.000663
6  2.484832 -0.478562 -2.335612 -0.015852 -0.006114 -0.007365
6  -0.010303 -0.065709 -3.455883 -0.015752 -0.003666 -0.001008
61
C4 molecule
6  -6.049139 -0.000228 0.000198 0.983620 -0.000076 0.000066
6  2.106982 0.590162 2.593202 -0.019088 -0.001684 0.005368
6  3.010409 0.165132 1.596288 -0.008547 -0.004605 0.001263
6  1.234007 -0.286412 3.155283 -0.011378 0.006435 -0.001659
6  2.984070 -1.122870 1.178883 -0.008715 0.005527 0.003969
6  3.070182 -1.425888 -0.219756 -0.009077 0.003271 -0.007165
6  3.118513 1.223644 0.647707 -0.008798 0.002913 -0.007709
6  3.222536 0.930403 -0.686786 -0.007056 0.006273 0.002534
6  3.188366 -0.405765 -1.103788 -0.009671 -0.004191 0.003759
6  -0.485934 1.327204 3.139160 -0.015181 -0.006187 0.006239
6  0.413156 2.265993 2.556761 -0.007320 0.001737 0.002799
6  -0.086433 0.085961 3.454499 -0.018936 0.006881 0.006446
6  1.681881 1.891898 2.287716 -0.020418 0.005936 0.003517
6  2.297187 2.282534 1.075521 -0.016771 0.006782 -0.005871
6  -0.316574 3.030618 1.625376 -0.015664 0.004947 -0.003346
6  0.280571 3.419821 0.462248 -0.019285 0.005624 0.009511
6  1.614671 3.038312 0.196874 -0.010933 0.004113 0.007592
6  -2.132822 -0.815050 2.618731 -0.014654 -0.000504 0.008667
6  -2.554287 0.479959 2.302665 -0.015185 0.006756 0.007237
6  -0.928866 -1.029607 3.190952 -0.027181 -0.001640 0.005921
6  -1.742141 1.545525 2.569663 -0.022385 -0.003271 0.005665
6  -1.643199 2.588077 1.612672 -0.021595 0.002494 -0.004831
6  -3.285275 0.416842 1.103569 -0.020472 0.006307 -0.001296
6  -3.191988 1.425380 0.182005 -0.023993 -0.004162 0.006064
6  -2.347650 2.551560 0.463755 -0.018910 0.006934 0.007804
6  -0.521442 -2.922769 1.758802 -0.012362 -0.003612 0.008198
6  -1.796774 -2.724740 1.164929 -0.021466 -0.002634 0.003000
6  -0.105116 -2.102492 2.740053 -0.020805 -0.010993 -0.000051
6  -2.599810 -1.696569 1.589545 -0.016425 -0.011874 -0.000187
6  -3.305715 -0.914228 0.654347 -0.018159 -0.001703 -0.006113
6  -1.714033 -3.013191 -0.213306 -0.022015 -0.002569 -0.007454
6  -2.411621 -2.248336 -1.096870 -0.018393 -0.005516 0.005300
6  -3.221802 -1.198498 -0.675513 -0.022256 -0.000467 0.006050
6  2.072961 -2.057271 1.750523 -0.018886 -0.001019 0.006705
6  1.641397 -2.936421 0.720709 -0.017865 -0.012147 -0.000547
6  1.248473 -1.647241 2.747056 -0.010218 -0.004646 0.001348
6  0.341816 -3.348257 0.729296 -0.006838 -0.005973 0.000283
6  -0.388231 -3.389036 -0.476124 -0.013451 -0.001856 -0.008298
6  2.255124 -2.545908 -0.478160 -0.011961 -0.007184 -0.006931
6  1.561352 -2.594419 -1.651145 -0.005936 -0.007756 0.002692
6  0.214523 -3.023994 -1.659945 -0.015550 -0.008488 0.000569
6  -2.243857 -0.565294 -2.611169 -0.018679 0.004635 -0.007976
6  -1.800099 -1.864488 -2.313843 -0.015210 -0.001619 -0.003818
6  -0.499078 -2.239912 -2.584189 -0.024174 0.000373 -0.001227
6  -1.358743 0.297515 -3.170810 -0.026482 -0.005975 -0.002258
6  -2.185334 2.065242 -1.747401 -0.012686 0.002360 -0.007734
6  -3.097595 1.142413 -1.175779 -0.018952 -0.003801 -0.001224
6  -3.140407 -0.134772 -1.615464 -0.025079 0.008228 -0.001369
6  -1.330112 1.637853 -2.710970 -0.023528 0.001321 0.003406
6  0.443148 2.929763 -1.772016 -0.020092 -0.000003 -0.009799
6  -0.448144 3.358229 -0.739393 -0.023796 0.002144 0.001131
6  -1.742432 2.924453 -0.766103 -0.014345 0.005900 -0.002788
6  -0.002812 2.087846 -2.721285 -0.016652 0.006417 0.002219
6  2.022909 0.848630 -2.626105 -0.022981 0.003362 -0.009074
6  2.489347 1.719022 -1.619466 -0.018460 0.008990 -0.002419
6  1.716754 2.745811 -1.187386 -0.011971 0.000711 -0.002883
6  0.810102 1.017075 -3.195775 -0.008763 0.001186 -0.005278
6  0.385421 -1.339695 -3.175843 -0.018429 0.004576 -0.005695
6  1.671675 -1.532974 -2.583922 -0.008921 0.003607 -0.000509
6  2.469418 -0.484527 -2.343183 -0.014780 -0.005406 -0.007566
6  -0.026031 -0.070296 -3.457520 -0.015840 -0.005180 -0.002248
61
C4 molecule
6  -5.065518 -0.000304 0.000264 0.983338 0.000016 -0.000009
6  2.088131 0.588357 2.599218 -0.018355 -0.001655 0.006353
6  3.002322 0.160591 1.597640 -0.007749 -0.004083 0.001502
6  1.223218 -0.280198 3.154098 -0.010562 0.005674 -0.000594
6  2.975746 -1.117728 1.182770 -0.008073 0.004389 0.003652
6  3.061764 -1.422587 -0.226589 -0.007921 0.003006 -0.006172
6  3.110374 1.226479 0.639766 -0.007634 0.002809 -0.007760
6  3.215857 0.937157 -0.683963 -0.006411 0.007067 0.002718
6  3.179106 -0.410391 -1.100572 -0.008919 -0.004661 0.002373
6  -0.501061 1.321615 3.145955 -0.015192 -0.004567 0.007144
6  0.405863 2.267929 2.560106 -0.007789 0.002188 0.003884
6  -0.105384 0.092544 3.461475 -0.018827 0.005817 0.007476
6  1.661736 1.898309 2.291581 -0.019465 0.006678 0.004033
6  2.280839 2.289705 1.070033 -0.015758 0.007225 -0.004801
6  -0.331912 3.036342 1.621984 -0.015188 0.006260 -0.003075
6  0.261203 3.425936 0.472122 -0.019272 0.006612 0.009784
6  1.603992 3.042970 0.204248 -0.010725 0.005354 0.006792
6  -2.147850 -0.816150 2.627748 -0.015753 -0.001633 0.009044
6  -2.569745 0.487202 2.310432 -0.015959 0.007324 0.008134
6  -0.955973 -1.031415 3.197349 -0.026543 -0.002023 0.006948
6  -1.765376 1.542251 2.575504 -0.023740 -0.002955 0.005982
6  -1.665184 2.590940 1.608282 -0.022083 0.003160 -0.003575
6  -3.306373 0.423686 1.102013 -0.021601 0.007075 -0.001473
6  -3.216416 1.421524 0.188858 -0.024668 -0.003165 0.007267
6  -2.367164 2.558650 0.471467 -0.020296 0.007114 0.007185
6  -0.534152 -2.926913 1.767139 -0.013204 -0.004867 0.008049
6  -1.818911 -2.727464 1.168423 -0.022492 -0.003031 0.003813
6  -0.125754 -2.113564 2.740665 -0.020307 -0.010745 0.001554
6  -2.616242 -1.708931 1.589705 -0.016599 -0.012427 0.000645
6  -3.324449 -0.916249 0.648155 -0.019016 -0.002389 -0.005710
6  -1.736491 -3.016070 -0.220762 -0.022577 -0.003340 -0.007128
6  -2.430090 -2.254637 -1.091879 -0.018717 -0.006735 0.004377
6  -3.244897 -1.198799 -0.669151 -0.023728 -0.000213 0.006118
6  2.054615 -2.058462 1.757524 -0.017601 -0.001425 0.006926
6  1.623511 -2.949036 0.720583 -0.017507 -0.012788 0.000277
6  1.238183 -1.652177 2.748715 -0.010665 -0.005055 0.002138
6  0.335417 -3.354756 0.729646 -0.006451 -0.007035 0.000380
6  -0.401364 -3.391446 -0.485094 -0.012993 -0.002973 -0.009234
6  2.243442 -2.553454 -0.485548 -0.011263 -0.007793 -0.007442
6  1.555729 -2.602571 -1.648581 -0.005620 -0.008449 0.002091
6  0.198829 -3.033200 -1.659060 -0.015694 -0.009675 0.000890
6  -2.262630 -0.560633 -2.619988 -0.019151 0.004361 -0.009328
6  -1.815105 -1.866700 -2.318080 -0.015103 -0.002655 -0.004488
6  -0.524098 -2.239918 -2.585716 -0.025427 -0.000423 -0.001813
6  -1.385544 0.291768 -3.173486 -0.026705 -0.005186 -0.003193
6  -2.198460 2.067476 -1.756047 -0.013869 0.002169 -0.009077
6  -3.117084 1.138770 -1.177517 -0.019920 -0.003121 -0.002095
6  -3.165923 -0.126744 -1.616940 -0.025814 0.007415 -0.001667
6  -1.354126 1.639503 -2.708001 -0.024114 0.001794 0.002242
6  0.423027 2.930431 -1.781769 -0.019986 0.001548 -0.009253
6  -0.472097 3.360786 -0.738764 -0.023719 0.002998 0.000161
6  -1.756614 2.931316 -0.768343 -0.014332 0.007606 -0.001649
6  -0.019325 2.094474 -2.719751 -0.016532 0.006464 0.000579
6  2.000361 0.851758 -2.635771 -0.021685 0.002813 -0.009930
6  2.471383 1.728158 -1.621999 -0.017316 0.008926 -0.002711
6  1.705109 2.746915 -1.190496 -0.011613 0.001709 -0.003188
6  0.801571 1.018871 -3.201358 -0.008836 0.002414 -0.005974
6  0.367376 -1.334909 -3.182117 -0.017562 0.004636 -0.006628
6  1.662779 -1.529837 -2.585028 -0.009190 0.002364 -0.001712
6  2.455271 -0.489374 -2.350744 -0.013355 -0.003952 -0.007381
6  -0.041982 -0.076068 -3.460379 -0.016189 -0.005967 -0.003452
61
C4 molecule
6  -4.082463 -0.000195 0.000180 0.962800 -0.000845 0.001172
6  2.070272 0.586853 2.605908 -0.017103 -0.001094 0.006744
6  2.994911 0.156967 1.599292 -0.007199 -0.002864 0.001860
6  1.212883 -0.275065 3.154094 -0.010464 0.004297 0.000705
6  2.967924 -1.114092 1.186187 -0.007711 0.002606 0.003104
6  3.054340 -1.419875 -0.232101 -0.007138 0.001961 -0.004578
6  3.103245 1.229261 0.632187 -0.006822 0.002927 -0.006879
6  3.209715 0.944537 -0.681350 -0.005937 0.007413 0.002009
6  3.170529 -0.415087 -1.099042 -0.008259 -0.004209 0.000426
6  -0.516318 1.318070 3.153448 -0.015405 -0.002138 0.007685
6  0.397578 2.270370 2.564529 -0.009240 0.002694 0.004981
6  -0.124086 0.097594 3.469451 -0.018453 0.003850 0.008429
6  1.642951 1.905255 2.295782 -0.017749 0.007002 0.004205
6  2.265670 2.296984 1.065918 -0.014308 0.006920 -0.003132
6  -0.346951 3.043137 1.619225 -0.015309 0.007014 -0.002002
6  0.242026 3.433045 0.481817 -0.018726 0.007665 0.009037
6  1.593220 3.049020 0.210457 -0.011233 0.006983 0.005302
6  -2.164329 -0.818316 2.636818 -0.017600 -0.002584 0.008673
6  -2.586206 0.494607 2.318933 -0.017346 0.006902 0.008824
6  -0.981953 -1.033652 3.204848 -0.024855 -0.002531 0.008190
6  -1.789622 1.539616 2.581627 -0.024426 -0.002022 0.006199
6  -1.687364 2.594397 1.605521 -0.021781 0.003771 -0.001457
6  -3.328477 0.430992 1.100622 -0.018280 0.010588 0.005681
6  -3.241323 1.419050 0.196540 -0.021606 0.004763 0.007583
6  -2.388243 2.565789 0.478125 -0.022389 0.007201 0.005733
6  -0.547849 -2.932503 1.774899 -0.014258 -0.006536 0.007072
6  -1.841758 -2.730802 1.172555 -0.022913 -0.003805 0.004242
6  -0.145731 -2.123982 2.743162 -0.019517 -0.009684 0.003701
6  -2.633008 -1.721423 1.590834 -0.017310 -0.012099 0.001917
6  -3.343748 -0.919007 0.642927 -0.015215 -0.009552 -0.000072
6  -1.759187 -3.019870 -0.227562 -0.022219 -0.004670 -0.006041
6  -2.449056 -2.261806 -1.088116 -0.019910 -0.007223 0.002756
6  -3.269259 -1.198925 -0.663278 -0.021359 -0.005213 0.001077
6  2.037759 -2.060122 1.764376 -0.015923 -0.001951 0.006465
6  1.606383 -2.961996 0.721263 -0.016366 -0.012834 0.001032
6  1.227144 -1.657351 2.751333 -0.011674 -0.005135 0.003243
6  0.328914 -3.362327 0.730056 -0.007035 -0.008094 0.000505
6  -0.414218 -3.394982 -0.494591 -0.013174 -0.004078 -0.009213
6  2.232598 -2.561494 -0.493044 -0.010137 -0.008125 -0.007009
6  1.550112 -2.611318 -1.646963 -0.006104 -0.009029 0.000701
6  0.183135 -3.043344 -1.658165 -0.015338 -0.010341 0.000446
6  -2.282158 -0.556572 -2.629826 -0.020333 0.003338 -0.010060
6  -1.830305 -1.869799 -2.322818 -0.015582 -0.003303 -0.004784
6  -0.549932 -2.240757 -2.587816 -0.025780 -0.001241 -0.002384
6  -1.412153 0.287143 -3.177196 -0.026032 -0.003640 -0.004366
6  -2.213071 2.069580 -1.765554 -0.015718 0.002243 -0.009426
6  -3.137435 1.136171 -1.179968 -0.017860 0.000957 -0.006092
6  -3.192035 -0.119942 -1.618797 -0.023396 0.006212 -0.006983
6  -1.378341 1.641440 -2.706486 -0.023870 0.001822 0.000408
6  0.403176 2.932859 -1.790522 -0.019546 0.003498 -0.007896
6  -0.495582 3.364224 -0.739070 -0.022903 0.003884 -0.000710
6  -1.771097 2.939665 -0.769401 -0.014930 0.008772 -0.000526
6  -0.035875 2.100775 -2.720128 -0.016737 0.005799 -0.001561
6  1.979539 0.854256 -2.645964 -0.019551 0.002145 -0.010164
6  2.454714 1.736874 -1.624889 -0.015920 0.008196 -0.003128
6  1.693527 2.749229 -1.193761 -0.011831 0.003079 -0.003236
6  0.792430 1.021902 -3.207724 -0.009961 0.003613 -0.006848
6  0.350297 -1.330423 -3.189099 -0.016514 0.003903 -0.007143
6  1.653295 -1.528246 -2.587345 -0.010035 0.000630 -0.002909
6  2.442709 -0.492430 -2.357944 -0.011698 -0.001936 -0.006891
6  -0.058409 -0.082230 -3.464424 -0.016816 -0.005871 -0.004618
61
C4 molecule
6  -3.139919 -0.001994 0.002607 0.947438 -0.001134 0.001451
6  2.053926 0.586170 2.612705 -0.015361 0.000151 0.006548
6  2.987924 0.154862 1.601360 -0.006858 -0.001152 0.002258
6  1.202290 -0.271604 3.155508 -0.011035 0.002189 0.002242
6  2.960324 -1.112516 1.188978 -0.007578 0.000403 0.002395
6  3.047488 -1.418665 -0.235745 -0.006664 0.000264 -0.002549
6  3.096730 1.232333 0.626007 -0.006306 0.003245 -0.005145
6  3.203983 0.951984 -0.679946 -0.005605 0.007301 0.000483
6  3.162588 -0.418809 -1.099721 -0.007654 -0.002940 -0.001897
6  -0.531871 1.317339 3.161326 -0.015749 0.000859 0.007916
6  0.387383 2.273318 2.570069 -0.011793 0.003425 0.006087
6  -0.142291 0.100243 3.478333 -0.017928 0.001212 0.009243
6  1.626238 1.912313 2.299991 -0.015092 0.006795 0.004059
6  2.252223 2.303546 1.063770 -0.012542 0.005968 -0.000941
6  -0.362530 3.050370 1.617980 -0.015921 0.007202 0.000005
6  0.223751 3.441266 0.490195 -0.017805 0.008797 0.007140
6  1.581527 3.056936 0.214852 -0.012254 0.008880 0.003167
6  -2.183050 -0.821319 2.645094 -0.020330 -0.003305 0.007632
6  -2.604437 0.501006 2.328079 -0.019102 0.005379 0.008915
6  -1.005683 -1.036478 3.213728 -0.022150 -0.003214 0.009729
6  -1.814228 1.538206 2.587903 -0.024460 -0.000433 0.006368
6  -1.708746 2.598482 1.605369 -0.020914 0.004307 0.001329
6  -3.342933 0.444862 1.113376 -0.016250 0.017131 0.021270
6  -3.259628 1.431051 0.204024 -0.019138 0.018564 0.007413
6  -2.411941 2.573053 0.482934 -0.024425 0.006902 0.003499
6  -0.562669 -2.939985 1.781283 -0.015384 -0.008496 0.005439
6  -1.864737 -2.735074 1.176907 -0.022760 -0.005028 0.004208
6  -0.164788 -2.132931 2.748068 -0.018612 -0.007953 0.006194
6  -2.650861 -1.733130 1.593540 -0.018431 -0.010446 0.003197
6  -3.354878 -0.935353 0.648011 -0.012939 -0.024791 0.011313
6  -1.780930 -3.025411 -0.232843 -0.021158 -0.006482 -0.004237
6  -2.469910 -2.269082 -1.086367 -0.021243 -0.006662 0.000537
6  -3.287614 -1.209226 -0.666997 -0.019703 -0.015308 -0.007722
6  2.022769 -2.062364 1.770454 -0.013941 -0.002706 0.005280
6  1.590780 -2.974704 0.722646 -0.014179 -0.012214 0.001742
6  1.214835 -1.662447 2.755201 -0.013093 -0.004784 0.004730
6  0.321348 -3.370943 0.730656 -0.008818 -0.009279 0.000600
6  -0.427712 -3.399601 -0.503520 -0.013868 -0.005237 -0.008107
6  2.223169 -2.569704 -0.499565 -0.008659 -0.008221 -0.005601
6  1.543522 -2.620629 -1.647179 -0.007226 -0.009426 -0.001498
6  0.168152 -3.053881 -1.658168 -0.014647 -0.010406 -0.000892
6  -2.303296 -0.553957 -2.640107 -0.021942 0.001358 -0.010003
6  -1.846269 -1.873305 -2.327648 -0.017052 -0.003443 -0.004698
6  -0.575659 -2.242400 -2.590483 -0.024856 -0.002281 -0.003031
6  -1.437608 0.284488 -3.182218 -0.024565 -0.001167 -0.005775
6  -2.229897 2.071962 -1.774900 -0.017963 0.002809 -0.008464
6  -3.152804 1.140684 -1.189701 -0.016063 0.008413 -0.013681
6  -3.212714 -0.114320 -1.630907 -0.021357 0.004946 -0.017384
6  -1.401865 1.643147 -2.707185 -0.022806 0.001226 -0.002247
6  0.383934 2.937427 -1.797562 -0.018886 0.005666 -0.005931
6  -0.517902 3.368553 -0.740183 -0.021112 0.005023 -0.001333
6  -1.786474 2.948860 -0.769396 -0.016473 0.009243 0.000384
6  -0.052798 2.106073 -2.722872 -0.017128 0.004557 -0.004001
6  1.961259 0.856047 -2.656099 -0.016432 0.001395 -0.009674
6  2.439544 1.744549 -1.628256 -0.014311 0.006766 -0.003770
6  1.681448 2.753073 -1.196969 -0.012537 0.004877 -0.002965
6  0.781648 1.026096 -3.215054 -0.012225 0.004726 -0.008083
6  0.334348 -1.327102 -3.196403 -0.015441 0.002372 -0.007220
6  1.642709 -1.528577 -2.590846 -0.011253 -0.001546 -0.004011
6  2.431875 -0.493246 -2.364526 -0.009943 0.000535 -0.006205
6  -0.075614 -0.087809 -3.469615 -0.017518 -0.004837 -0.005705
61
C4 molecule
6  -2.187586 -0.002463 0.003082 0.963414 -0.000866 0.001095
6  2.039550 0.587155 2.619004 -0.013317 0.001701 0.005956
6  2.981195 0.154664 1.603809 -0.006676 0.000841 0.002678
6  1.190812 -0.270687 3.158578 -0.012048 -0.000232 0.003923
6  2.952767 -1.113286 1.190977 -0.007597 -0.002003 0.001593
6  3.041012 -1.419348 -0.237199 -0.006348 -0.001647 -0.000362
6  3.090633 1.235752 0.621897 -0.005974 0.003591 -0.002947
6  3.198505 0.959139 -0.680385 -0.005439 0.006980 -0.001485
6  3.155221 -0.420967 -1.102836 -0.007134 -0.001333 -0.004357
6  -0.547815 1.319787 3.169279 -0.016292 0.003959 0.007984
6  0.373993 2.277220 2.576703 -0.014747 0.004264 0.007051
6  -0.159943 0.100018 3.487936 -0.017279 -0.001584 0.009949
6  1.612767 1.918845 2.303900 -0.012148 0.006331 0.003809
6  2.240587 2.308919 1.064037 -0.010790 0.004881 0.001305
6  -0.378792 3.057542 1.619235 -0.016729 0.007100 0.002479
6  0.206416 3.450640 0.496097 -0.016791 0.009929 0.004638
6  1.568712 3.066780 0.216792 -0.013368 0.010684 0.000883
6  -2.204989 -0.824925 2.652083 -0.023139 -0.003927 0.006544
6  -2.624410 0.505365 2.336764 -0.020544 0.003550 0.009343
6  -1.026253 -1.040079 3.224306 -0.019253 -0.003883 0.011176
6  -1.838542 1.538750 2.594362 -0.023860 0.001500 0.006661
6  -1.729193 2.603011 1.608178 -0.019947 0.004800 0.004111
6  -3.360977 0.465255 1.143162 -0.021188 0.020487 0.032370
6  -3.279599 1.456177 0.211366 -0.021996 0.028622 0.007088
6  -2.437092 2.579594 0.485122 -0.025808 0.006673 0.001091
6  -0.578618 -2.949496 1.785777 -0.016635 -0.010425 0.003596
6  -1.887278 -2.740858 1.180971 -0.022073 -0.006581 0.004045
6  -0.182955 -2.139889 2.755549 -0.017628 -0.006061 0.008694
6  -2.669869 -1.742315 1.597229 -0.019101 -0.008870 0.004965
6  -3.369626 -0.968588 0.665554 -0.017998 -0.034651 0.019672
6  -1.801503 -3.032834 -0.236036 -0.019923 -0.008221 -0.002332
6  -2.491542 -2.275131 -1.087043 -0.021867 -0.006119 -0.002066
6  -3.308665 -1.229540 -0.678722 -0.023731 -0.022355 -0.013795
6  2.009877 -2.065534 1.774936 -0.011878 -0.003532 0.003788
6  1.578024 -2.986425 0.724746 -0.011556 -0.011257 0.002406
6  1.200957 -1.666918 2.760793 -0.014672 -0.004273 0.006272
6  0.311279 -3.380885 0.731256 -0.011172 -0.010445 0.000563
6  -0.441954 -3.405456 -0.510804 -0.014732 -0.006484 -0.006373
6  2.215279 -2.577936 -0.504246 -0.007183 -0.008199 -0.003858
6  1.535660 -2.630170 -1.649959 -0.008550 -0.009626 -0.003906
6  0.153841 -3.064156 -1.659949 -0.013949 -0.010084 -0.002740
6  -2.326043 -0.553855 -2.649832 -0.023748 -0.001002 -0.009544
6  -1.864408 -1.876684 -2.332214 -0.018970 -0.003419 -0.004459
6  -0.599643 -2.245318 -2.593879 -0.023150 -0.003481 -0.003631
6  -1.461282 0.284809 -3.188747 -0.022568 0.001723 -0.007345
6  -2.248997 2.075198 -1.782483 -0.020379 0.003732 -0.006804
6  -3.169560 1.152998 -1.207330 -0.018389 0.014480 -0.019156
6  -3.234749 -0.110049 -1.653565 -0.023482 0.003231 -0.024967
6  -1.423953 1.643892 -2.710979 -0.021188 0.000329 -0.005344
6  0.365403 2.944192 -1.802384 -0.018076 0.007811 -0.003736
6  -0.537807 3.374269 -0.741737 -0.018834 0.006276 -0.001718
6  -1.804042 2.958152 -0.768632 -0.018463 0.009367 0.001135
6  -0.070132 2.109889 -2.728130 -0.017621 0.003137 -0.006480
6  1.946675 0.857046 -2.665313 -0.013021 0.000695 -0.008834
6  2.426092 1.750406 -1.632429 -0.012587 0.005036 -0.004441
6  1.668454 2.758984 -1.199691 -0.013525 0.006839 -0.002591
6  0.767980 1.031353 -3.223890 -0.014901 0.005681 -0.009381
6  0.319415 -1.325680 -3.203538 -0.014321 0.000394 -0.006988
6  1.630788 -1.531338 -2.595367 -0.012598 -0.003773 -0.005072
6  2.422823 -0.491359 -2.370353 -0.008233 0.002974 -0.005416
6  -0.093445 -0.091903 -3.475833 -0.018297 -0.003265 -0.006732
61
C4 molecule
6  -1.213091 -0.003727 0.004797 0.974491 -0.001264 0.001717
6  2.027291 0.589571 2.624617 -0.011207 0.003112 0.005208
6  2.974572 0.156544 1.606717 -0.006609 0.002850 0.003096
6  1.178193 -0.272068 3.163353 -0.013232 -0.002484 0.005614
6  2.945129 -1.116523 1.192163 -0.007702 -0.004364 0.000811
6  3.034792 -1.421958 -0.236468 -0.006114 -0.003437 0.001700
6  3.084782 1.239515 0.620112 -0.005771 0.003878 -0.000624
6  3.193104 0.965943 -0.682916 -0.005407 0.006581 -0.003554
6  3.148320 -0.421475 -1.108436 -0.006678 0.000249 -0.006675
6  -0.564454 1.325256 3.177294 -0.016950 0.006733 0.008031
6  0.357889 2.281846 2.584170 -0.017393 0.005014 0.007812
6  -0.176848 0.097075 3.498231 -0.016523 -0.004038 0.010575
6  1.601942 1.924976 2.307608 -0.009581 0.005901 0.003612
6  2.230643 2.313309 1.066379 -0.009254 0.004031 0.003261
6  -0.395989 3.064570 1.622939 -0.017422 0.006971 0.004795
6  0.190169 3.461125 0.499470 -0.015803 0.010937 0.002283
6  1.554791 3.078305 0.216618 -0.014312 0.012192 -0.001140
6  -2.229327 -0.829172 2.658182 -0.025092 -0.004611 0.005981
6  -2.645526 0.508106 2.346764 -0.021837 0.001807 0.010389
6  -1.044189 -1.044244 3.236080 -0.016970 -0.004382 0.012185
6  -1.861948 1.541206 2.601225 -0.022704 0.003782 0.007061
6  -1.748640 2.608081 1.613590 -0.019223 0.005121 0.006633
6  -3.385310 0.485837 1.178116 -0.025061 0.019595 0.033597
6  -3.303620 1.488294 0.218200 -0.024456 0.031548 0.006695
6  -2.463558 2.586399 0.485116 -0.026794 0.007203 -0.000877
6  -0.595938 -2.960834 1.788475 -0.017899 -0.012049 0.001925
6  -1.908882 -2.748237 1.184997 -0.020914 -0.008525 0.003680
6  -0.200043 -2.145053 2.765456 -0.016577 -0.004469 0.010897
6  -2.689063 -1.750870 1.603470 -0.019435 -0.007957 0.007321
6  -3.390875 -1.004655 0.687356 -0.022144 -0.034474 0.021022
6  -1.820777 -3.041853 -0.237507 -0.018834 -0.009574 -0.000400
6  -2.513644 -2.281321 -1.090500 -0.022180 -0.006436 -0.004836
6  -3.335077 -1.253935 -0.694586 -0.027252 -0.023242 -0.015100
6  1.999013 -2.069429 1.778029 -0.009951 -0.004243 0.002435
6  1.567668 -2.997219 0.727459 -0.009116 -0.010264 0.002958
6  1.185490 -1.670992 2.767746 -0.016174 -0.003891 0.007515
6  0.299004 -3.391832 0.731781 -0.013445 -0.011433 0.000456
6  -0.457177 -3.412570 -0.516267 -0.015458 -0.007722 -0.004586
6  2.208803 -2.586102 -0.507280 -0.005897 -0.008150 -0.002212
6  1.526422 -2.639881 -1.654991 -0.009841 -0.009696 -0.006107
6  0.140255 -3.074049 -1.663649 -0.013350 -0.009682 -0.004516
6  -2.350793 -0.555962 -2.659194 -0.025283 -0.003027 -0.009519
6  -1.884208 -1.880144 -2.336567 -0.020566 -0.003569 -0.004337
6  -0.621959 -2.249362 -2.597745 -0.021361 -0.004525 -0.004170
6  -1.482743 0.287934 -3.196909 -0.020581 0.004089 -0.008824
6  -2.270654 2.079425 -1.788508 -0.022545 0.004792 -0.005467
6  -3.189582 1.169645 -1.228013 -0.020728 0.016836 -0.019999
6  -3.259678 -0.107858 -1.680841 -0.025266 0.001296 -0.026614
6  -1.444241 1.643805 -2.717873 -0.019530 -0.000246 -0.008195
6  0.347782 2.953049 -1.805033 -0.017249 0.009748 -0.001659
6  -0.555571 3.381105 -0.743618 -0.016772 0.007361 -0.002073
6  -1.823400 2.967594 -0.767125 -0.020179 0.009571 0.001812
6  -0.088040 2.112346 -2.735832 -0.018125 0.001913 -0.008787
6  1.935217 0.857437 -2.673767 -0.009973 0.000169 -0.008041
6  2.414370 1.754620 -1.637139 -0.010931 0.003445 -0.004963
6  1.654397 2.766752 -1.202151 -0.014555 0.008626 -0.002306
6  0.751846 1.037459 -3.233815 -0.017337 0.006400 -0.010413
6  0.305705 -1.326313 -3.210379 -0.013238 -0.001727 -0.006588
6  1.617512 -1.536122 -2.600991 -0.013799 -0.005654 -0.006081
6  2.415409 -0.487298 -2.375357 -0.006782 0.004910 -0.004652
6  -0.112209 -0.094340 -3.483079 -0.019132 -0.001524 -0.007766
61
C4 molecule
6  -0.238605 -0.004992 0.006516 0.974486 -0.001265 0.001719
6  2.017136 0.593378 2.629420 -0.009193 0.004387 0.004419
6  2.967977 0.160364 1.610002 -0.006617 0.004605 0.003412
6  1.164349 -0.275655 3.169807 -0.014398 -0.004553 0.007228
6  2.937362 -1.122013 1.192598 -0.007851 -0.006402 0.000150
6  3.028784 -1.426223 -0.233798 -0.005928 -0.004963 0.003424
6  3.079091 1.243508 0.620649 -0.005649 0.004100 0.001643
6  3.187691 0.972301 -0.687492 -0.005456 0.006083 -0.005534
6  3.141864 -0.420468 -1.116187 -0.006242 0.001669 -0.008607
6  -0.581715 1.333254 3.185341 -0.017532 0.008944 0.008118
6  0.339208 2.287248 2.592327 -0.019731 0.005753 0.008406
6  -0.192988 0.091942 3.509087 -0.015805 -0.005920 0.011044
6  1.593606 1.930648 2.311124 -0.007325 0.005455 0.003481
6  2.222080 2.316981 1.070559 -0.008010 0.003468 0.004893
6  -0.413636 3.071484 1.628824 -0.017833 0.006858 0.006870
6  0.174811 3.472514 0.500662 -0.014964 0.011774 0.000186
6  1.540088 3.091164 0.214512 -0.014958 0.013340 -0.002885
6  -2.255172 -0.834148 2.664045 -0.026291 -0.005328 0.005922
6  -2.668084 0.508979 2.357543 -0.023141 -0.000059 0.011328
6  -1.060192 -1.048843 3.248677 -0.015282 -0.004776 0.012872
6  -1.883949 1.546314 2.608484 -0.021200 0.006443 0.007473
6  -1.767638 2.613252 1.621445 -0.018891 0.005195 0.008895
6  -3.411100 0.504444 1.210357 -0.026656 0.017609 0.030251
6  -3.328512 1.519274 0.224756 -0.025521 0.029761 0.006474
6  -2.490681 2.594001 0.483369 -0.027126 0.008231 -0.002362
6  -0.614417 -2.973593 1.789627 -0.018950 -0.013270 0.000576
6  -1.929105 -2.757909 1.188331 -0.019449 -0.010853 0.002937
6  -0.216108 -2.148826 2.777343 -0.015634 -0.003281 0.012619
6  -2.708739 -1.758228 1.611871 -0.019768 -0.006924 0.009625
6  -3.413914 -1.037537 0.707599 -0.024152 -0.030835 0.018798
6  -1.839171 -3.051982 -0.236835 -0.018006 -0.010573 0.001691
6  -2.535901 -2.288004 -1.096715 -0.022181 -0.007094 -0.007539
6  -3.363169 -1.276025 -0.708922 -0.029029 -0.020633 -0.013098
6  1.989976 -2.074019 1.779805 -0.008267 -0.004903 0.001234
6  1.559791 -3.006953 0.730663 -0.006764 -0.009201 0.003401
6  1.168609 -1.674700 2.775823 -0.017442 -0.003567 0.008479
6  0.284389 -3.403751 0.732168 -0.015686 -0.012323 0.000320
6  -0.472869 -3.420901 -0.519977 -0.015910 -0.008915 -0.002803
6  2.203484 -2.594236 -0.508671 -0.004838 -0.008100 -0.000635
6  1.515979 -2.649562 -1.662173 -0.010998 -0.009615 -0.008131
6  0.127142 -3.083519 -1.668980 -0.012927 -0.009216 -0.006125
6  -2.376608 -0.559909 -2.668870 -0.026134 -0.004758 -0.009970
6  -1.905539 -1.883822 -2.340888 -0.022017 -0.003788 -0.004351
6  -0.642365 -2.254368 -2.602219 -0.019372 -0.005452 -0.004768
6  -1.502443 0.292987 -3.206395 -0.018928 0.005807 -0.010077
6  -2.294086 2.084781 -1.793417 -0.024063 0.006031 -0.004466
6  -3.211017 1.186670 -1.247328 -0.022304 0.016790 -0.018434
6  -3.285280 -0.107457 -1.706794 -0.026015 -0.000263 -0.024933
6  -1.463013 1.643401 -2.727369 -0.018094 -0.000456 -0.010658
6  0.330905 2.963688 -1.805701 -0.016564 0.011304 0.000095
6  -0.571351 3.388991 -0.745882 -0.014910 0.008382 -0.002385
6  -1.844399 2.977293 -0.765009 -0.021723 0.009792 0.002297
6  -0.106382 2.113715 -2.745704 -0.018477 0.001034 -0.010726
6  1.926729 0.857384 -2.681394 -0.007245 -0.000156 -0.007271
6  2.404230 1.757295 -1.642355 -0.009462 0.002034 -0.005415
6  1.639343 2.776237 -1.204303 -0.015478 0.010202 -0.002055
6  0.733306 1.044152 -3.244716 -0.019516 0.006839 -0.011288
6  0.292938 -1.329134 -3.216714 -0.012404 -0.003868 -0.006053
6  1.603190 -1.542646 -2.607528 -0.014665 -0.007153 -0.006920
6  2.409259 -0.481540 -2.379657 -0.005732 0.006288 -0.004021
6  -0.131710 -0.094952 -3.491365 -0.019783 0.000288 -0.008769
