3
C3 molecule
6  0.000000 0.000000 0.000000
6  3.000000 0.000000 0.000000
6  1.000000 1.000000 0.000000
3
C3 molecule
6  0.010436 -0.006054 -0.010653
6  2.996937 0.000420 0.008192
6  0.992627 1.005633 0.014311
3
C3 molecule
6  0.108811 0.060873 0.010616
6  2.930991 0.021952 0.090304
6  0.960198 0.917175 0.029419
3
C3 molecule
6  0.115853 0.019078 0.042198
6  2.865825 0.045322 0.174137
6  1.018322 0.935600 0.032494
3
C3 molecule
6  0.117886 -0.000051 0.066749
6  2.790619 0.079676 0.256232
6  1.091495 0.920375 0.044338
3
C3 molecule
6  0.139832 0.022515 0.097843
6  2.769574 0.137118 0.332534
6  1.090594 0.840367 0.055433
3
C3 molecule
6  0.075186 -0.032336 0.120944
6  2.781259 0.250812 0.389097
6  1.143555 0.781525 0.094259
3
C3 molecule
6  0.126102 -0.072751 0.172567
6  2.692497 0.412318 0.405292
6  1.181401 0.660433 0.144931
3
C3 molecule
6  0.074452 -0.141216 0.193634
6  2.695251 0.562778 0.426068
6  1.230297 0.578438 0.221578
3
C3 molecule
6  0.049392 -0.177021 0.249937
6  2.674980 0.652056 0.435475
6  1.275628 0.524966 0.274359
3
C3 molecule
6  0.093838 -0.151703 0.273254
6  2.619114 0.668126 0.463805
6  1.287048 0.483577 0.341203
3
C3 molecule
6  0.013072 -0.164914 0.307162
6  2.698985 0.705406 0.506556
6  1.287944 0.459508 0.383032
3
C3 molecule
6  0.074233 -0.129337 0.343141
6  2.628440 0.696745 0.529015
6  1.297327 0.432592 0.443085
3
C3 molecule
6  0.016319 -0.142348 0.379365
6  2.683784 0.721675 0.569835
6  1.299898 0.420673 0.484531
3
C3 molecule
6  0.039681 -0.126090 0.414327
6  2.655259 0.721242 0.599664
6  1.305060 0.404848 0.538230
3
C3 molecule
6  0.068045 -0.113094 0.456533
6  2.625886 0.716004 0.635363
6  1.306070 0.397090 0.578817
3
C3 molecule
6  0.033328 -0.120653 0.490955
6  2.655063 0.729294 0.673586
6  1.311609 0.391359 0.624661
3
C3 molecule
6  0.078868 -0.101738 0.535537
6  2.608762 0.717876 0.709820
6  1.312371 0.383861 0.662335
3
C3 molecule
6  0.055813 -0.106838 0.572598
6  2.627840 0.726173 0.749331
6  1.316347 0.380665 0.704254
3
C3 molecule
6  0.061460 -0.102187 0.613800
6  2.621687 0.726410 0.788685
6  1.316854 0.375777 0.742188
3
C3 molecule
6  0.072263 -0.096767 0.653559
6  2.609078 0.724046 0.826629
6  1.318659 0.372721 0.782974
3
C3 molecule
6  0.038224 -0.105903 0.691615
6  2.642095 0.736478 0.869025
6  1.319681 0.369425 0.821012
3
C3 molecule
6  0.081343 -0.090542 0.733468
6  2.598113 0.723643 0.904934
6  1.320543 0.366900 0.861741
3
C3 molecule
6  0.033989 -0.104333 0.770658
6  2.644512 0.740153 0.948467
6  1.321499 0.364180 0.899508
3
C3 molecule
6  0.092496 -0.084078 0.814154
6  2.585190 0.722284 0.983928
6  1.322314 0.361793 0.939042
3
C3 molecule
6  0.021957 -0.104792 0.850754
6  2.654285 0.746730 1.030024
6  1.323758 0.358061 0.974836
3
C3 molecule
6  0.112407 -0.074229 0.896864
6  2.563007 0.718503 1.063753
6  1.324586 0.355726 1.013487
3
C3 molecule
6  0.012475 -0.104586 0.931609
6  2.661544 0.752345 1.112011
6  1.325980 0.352240 1.048974
3
C3 molecule
6  0.117340 -0.069642 0.978646
6  2.556031 0.719234 1.144720
6  1.326629 0.350407 1.087718
3
C3 molecule
6  0.031912 -0.095964 1.013726
6  2.640524 0.747878 1.191369
6  1.327564 0.348087 1.124479
3
C3 molecule
6  0.102768 -0.072040 1.058773
6  2.568993 0.725742 1.226720
6  1.328240 0.346298 1.162571
3
C3 molecule
6  0.040162 -0.090451 1.096126
6  2.630265 0.747403 1.272508
6  1.329573 0.343047 1.197921
3
C3 molecule
6  0.088375 -0.073796 1.139939
6  2.581307 0.732624 1.309704
6  1.330317 0.341172 1.235401
3
C3 molecule
6  0.071001 -0.078583 1.179112
6  2.598090 0.738887 1.351203
6  1.330909 0.339696 1.273221
3
C3 molecule
6  0.060234 -0.081082 1.218990
6  2.608146 0.743124 1.392499
6  1.331620 0.337958 1.310536
3
C3 molecule
6  0.058265 -0.079697 1.260780
6  2.608638 0.745305 1.434457
6  1.333097 0.334392 1.345279
3
C3 molecule
6  0.045964 -0.082792 1.300469
6  2.620297 0.749961 1.475777
6  1.333739 0.332831 1.382760
3
C3 molecule
6  0.055731 -0.077728 1.342960
6  2.609133 0.748254 1.516843
6  1.335136 0.329474 1.417693
3
C3 molecule
6  0.047693 -0.079912 1.382345
6  2.616875 0.751175 1.557303
6  1.335432 0.328738 1.456339
3
C3 molecule
6  0.072495 -0.071025 1.424535
6  2.591445 0.743812 1.596072
6  1.336060 0.327212 1.493868
3
C3 molecule
6  0.022085 -0.087103 1.460827
6  2.641694 0.760296 1.639218
6  1.336221 0.326807 1.532922
3
C3 molecule
6  0.068284 -0.070935 1.504981
6  2.594596 0.746284 1.677020
6  1.337120 0.324651 1.569456
3
C3 molecule
6  0.039189 -0.080312 1.542482
6  2.623673 0.755724 1.718482
6  1.337138 0.324588 1.608983
3
C3 molecule
6  0.081523 -0.066376 1.585099
6  2.581169 0.742217 1.755321
6  1.337309 0.324159 1.648017
3
C3 molecule
6  0.010344 -0.089794 1.619169
6  2.652648 0.764947 1.799106
6  1.337009 0.324847 1.688652
3
C3 molecule
6  0.087949 -0.064176 1.664567
6  2.574667 0.740235 1.833909
6  1.337384 0.323941 1.726941
3
C3 molecule
6  0.022351 -0.085815 1.698996
6  2.640584 0.761138 1.877294
6  1.337065 0.324677 1.767618
3
C3 molecule
6  0.098635 -0.061145 1.743626
6  2.564311 0.736459 1.911535
6  1.337054 0.324687 1.807237
3
C3 molecule
6  0.059258 -0.074143 1.780069
6  2.603886 0.749000 1.953354
6  1.336856 0.325143 1.847465
3
C3 molecule
6  0.094162 -0.063499 1.821038
6  2.569470 0.737221 1.989603
6  1.336368 0.326278 1.888738
3
C3 molecule
6  0.073001 -0.070597 1.858734
6  2.590822 0.743876 2.030194
6  1.336177 0.326721 1.928939
3
C3 molecule
6  0.092391 -0.065081 1.898508
6  2.572001 0.737031 2.067366
6  1.335608 0.328050 1.970485
3
C3 molecule
6  0.061864 -0.075558 1.935092
6  2.602982 0.746450 2.108139
6  1.335154 0.329108 2.011618
3
C3 molecule
6  0.086886 -0.068146 1.975351
6  2.578473 0.737840 2.145025
6  1.334640 0.330307 2.052963
3
C3 molecule
6  0.077350 -0.071417 2.013934
6  2.588151 0.740784 2.184916
6  1.334499 0.330633 2.092979
3
C3 molecule
6  0.073266 -0.073354 2.052307
6  2.592697 0.741639 2.223877
6  1.334037 0.331714 2.134135
3
C3 molecule
6  0.078668 -0.072070 2.091531
6  2.587644 0.739541 2.262389
6  1.333688 0.332528 2.174890
3
C3 molecule
6  0.040111 -0.085003 2.127769
6  2.626548 0.751665 2.303902
6  1.333341 0.333337 2.215629
3
C3 molecule
6  0.081479 -0.072669 2.168647
6  2.585967 0.737490 2.339199
6  1.332554 0.335179 2.257943
3
C3 molecule
6  0.017592 -0.093405 2.203692
6  2.649907 0.758104 2.382949
6  1.332501 0.335301 2.297638
3
C3 molecule
6  0.091263 -0.070585 2.246822
6  2.576996 0.733507 2.416097
6  1.331741 0.337078 2.339852
3
C3 molecule
6  0.021852 -0.092854 2.281838
6  2.646269 0.756100 2.460558
6  1.331879 0.336753 2.378864
3
C3 molecule
6  0.103666 -0.066843 2.326281
6  2.564797 0.729290 2.493881
6  1.331537 0.337553 2.419589
3
C3 molecule
6  0.016679 -0.094316 2.360755
6  2.651285 0.757934 2.540168
6  1.332036 0.336383 2.457317
3
C3 molecule
6  0.116249 -0.062239 2.406849
6  2.551814 0.725625 2.572708
6  1.331936 0.336614 2.497174
3
C3 molecule
6  0.021227 -0.092351 2.440723
6  2.646367 0.756837 2.619491
6  1.332405 0.335514 2.535007
3
C3 molecule
6  0.107408 -0.064510 2.486034
6  2.560215 0.728931 2.653067
6  1.332377 0.335580 2.574611
3
C3 molecule
6  0.041969 -0.085125 2.521825
6  2.625239 0.750519 2.697742
6  1.332792 0.334606 2.612634
3
C3 molecule
6  0.091188 -0.068937 2.565033
6  2.575821 0.734799 2.734233
6  1.332992 0.334138 2.651426
3
C3 molecule
6  0.062210 -0.077949 2.603046
6  2.604527 0.744447 2.776175
6  1.333263 0.333502 2.689961
3
C3 molecule
6  0.067228 -0.075918 2.643437
6  2.599204 0.743133 2.815861
6  1.333568 0.332786 2.728373
3
C3 molecule
6  0.061732 -0.076932 2.683597
6  2.604126 0.745489 2.856730
6  1.334141 0.331442 2.765836
3
C3 molecule
6  0.037176 -0.084525 2.721895
6  2.628420 0.753698 2.898355
6  1.334404 0.330828 2.804402
3
C3 molecule
6  0.059739 -0.076131 2.764415
6  2.605036 0.747229 2.937746
6  1.335225 0.328903 2.840982
3
C3 molecule
6  0.018987 -0.089048 2.801497
6  2.645588 0.760613 2.980365
6  1.335424 0.328435 2.879771
3
C3 molecule
6  0.044038 -0.079685 2.844409
6  2.619593 0.753463 3.019801
6  1.336369 0.326222 2.915912
3
C3 molecule
6  0.026109 -0.085269 2.882978
6  2.637360 0.759426 3.060800
6  1.336531 0.325842 2.954835
3
C3 molecule
6  0.013676 -0.088059 2.923301
6  2.648870 0.764381 3.102754
6  1.337455 0.323677 2.991049
3
C3 molecule
6  0.070483 -0.069715 2.966622
6  2.592087 0.745981 3.138340
6  1.337431 0.323734 3.030632
3
C3 molecule
6  -0.022235 -0.098587 3.001326
6  2.683964 0.776822 3.185615
6  1.338271 0.321765 3.067143
3
C3 molecule
6  0.130313 -0.050283 3.049795
6  2.532199 0.726686 3.213360
6  1.337489 0.323597 3.109420
3
C3 molecule
6  -0.054615 -0.109065 3.078109
6  2.716347 0.787293 3.266808
6  1.338268 0.321772 3.146147
3
C3 molecule
6  0.133067 -0.051362 3.126299
6  2.530922 0.724303 3.289590
6  1.336011 0.327059 3.193665
3
C3 molecule
6  -0.055046 -0.112046 3.153212
6  2.718909 0.785281 3.342115
6  1.336136 0.326766 3.232717
3
C3 molecule
6  0.074744 -0.073868 3.196376
6  2.591974 0.740413 3.367796
6  1.333281 0.333455 3.282363
3
C3 molecule
6  -0.000313 -0.098680 3.230039
6  2.667431 0.764290 3.411709
6  1.332882 0.334390 3.323277
3
C3 molecule
6  0.050830 -0.084163 3.270264
6  2.617809 0.746210 3.445072
6  1.331362 0.337953 3.368179
3
C3 molecule
6  0.029965 -0.091558 3.307464
6  2.639157 0.752471 3.485146
6  1.330878 0.339086 3.409395
3
C3 molecule
6  0.000798 -0.102704 3.342649
6  2.669607 0.760610 3.524391
6  1.329594 0.342094 3.453455
3
C3 molecule
6  0.115355 -0.065645 3.389950
6  2.555050 0.723554 3.556090
6  1.329596 0.342091 3.492946
3
C3 molecule
6  -0.043509 -0.118291 3.416922
6  2.714855 0.773993 3.604763
6  1.328654 0.344297 3.535791
3
C3 molecule
6  0.150226 -0.053520 3.472466
6  2.519545 0.712914 3.633813
6  1.330230 0.340606 3.569687
3
C3 molecule
6  -0.109635 -0.138460 3.493072
6  2.780065 0.796309 3.689857
6  1.329570 0.342151 3.611528
3
C3 molecule
6  0.041562 -0.083980 3.550431
6  2.624690 0.751618 3.726339
6  1.333748 0.332363 3.636176
3
C3 molecule
6  0.024673 -0.088275 3.590365
6  2.640703 0.757966 3.768513
6  1.334624 0.330310 3.672559
3
C3 molecule
6  -0.078593 -0.118789 3.626757
6  2.741801 0.793560 3.818822
6  1.336792 0.325229 3.704348
3
C3 molecule
6  0.181585 -0.035784 3.682398
6  2.482491 0.708520 3.839087
6  1.335924 0.327264 3.746932
3
C3 molecule
6  -0.094229 -0.125214 3.702829
6  2.758463 0.797583 3.897093
6  1.335767 0.327631 3.786986
3
C3 molecule
6  -0.038005 -0.112336 3.738941
6  2.706220 0.775374 3.925819
6  1.331784 0.336962 3.840638
3
C3 molecule
6  0.189657 -0.039220 3.793223
6  2.478955 0.701329 3.949121
6  1.331388 0.337891 3.881544
3
C3 molecule
6  -0.169631 -0.156387 3.806972
6  2.838950 0.816838 4.011852
6  1.330681 0.339549 3.923554
